WITHOUTINTERLOPER,earthMoon,1..
60.0..Earth,-0.749026620847188,1.5520323794935305,-1.0955465119623546,-0.039018133622442594,0.07845866309562885,-0.055382296296146355,6371000.0,5.97E24..Moon,3.6309999388751966E8,64920.398292839156,-0.28139901432692715,-0.20875933290228285,1082.0142025807463,-0.010038311057799745,1737400.0,7.35E22..Interloper,-8.609085656067027E7,1.6374469626936072E8,-1.1558418146581048E8,2152271.416627016,-4093617.410239746,2889604.5391199393,1.0,3.0217500000000003E24..
120.0..Earth,-36.14237797559041,69.25231003852822,-48.883829901387735,-1.0571263013103305,2.019145673648343,-1.425274912700906,6371000.0,5.97E24..Moon,3.6309997387016207E8,129841.5849786214,-1.1210836100718546,-0.4679786941775551,1082.0181913536571,-0.012903413146572661,1737400.0,7.35E22..Interloper,4.304549391975345E7,-8.187247280646276E7,5.779217873629156E7,2152273.434384403,-4093621.24450619,2889607.2456540684,1.0,3.0217500000000003E24..
180.0..Earth,-94.20393192395554,180.32228817530938,-127.2859035890462,-0.9409843267664608,1.8024908095615877,-1.2723417732953828,6371000.0,5.97E24..Moon,3.630999379768992E8,194761.33009089757,-0.9474133529995062,-0.7157520897366307,1081.9701471113951,0.020924649175022986,1737400.0,7.35E22..Interloper,1.7218188957136884E8,-3.274897275317133E8,2.3116859939668643E8,2152273.210952205,-4093620.8152976884,2889606.9426848604,1.0,3.0217500000000003E24..
240.0..Earth,-150.07969965688557,287.4897368894075,-202.93320730007113,-0.9243575156406806,1.775114053359254,-1.2530160699385142,6371000.0,5.97E24..Moon,3.6309988915939367E8,259678.480726948,1.0523289102422306,-0.9074599784889823,1081.939103358704,0.04274636115060731,1737400.0,7.35E22..Interloper,3.0131828121894294E8,-5.731069744837216E8,4.045450145701307E8,2152273.182766044,-4093620.760454981,2889606.9039727417,1.0,3.0217500000000003E24..
300.0..Earth,-205.28112492363448,393.6294440283271,-277.8549806969812,-0.9163863757088607,1.7642007692517099,-1.2453113280873067,6371000.0,5.97E24..Moon,3.630998292517346E8,324594.35188300145,3.949316778731495,-1.0889715881591218,1081.9249422481787,0.0526352296731262,1737400.0,7.35E22..Interloper,4.304546718039876E8,-8.187242193741236E8,5.779214282883376E8,2152273.1714326767,-4093620.738549414,2889606.888510132,1.0,3.0217500000000003E24..
360.0..Earth,-260.0964812533993,499.28972927181877,-352.43825502272455,-0.9110653407126516,1.7583283779333796,-1.2411645722115583,6371000.0,5.97E24..Moon,3.6309975850215304E8,389509.59958185913,7.279351139971086,-1.2693085918958589,1081.9173329628316,0.057878611072060944,1737400.0,7.35E22..Interloper,5.595910618900002E8,-1.0643414633021783E9,7.512978413272467E8,2152273.1653064885,-4093620.7267623837,2889606.8801899464,1.0,3.0217500000000003E24..
420.0..Earth,-314.6314883956625,604.6716952408939,-426.8249677832487,-0.9069027754824674,1.7546597911185304,-1.2385731571283796,6371000.0,5.97E24..Moon,3.630996769338854E8,454424.4878695704,10.854757873053645,-1.4496569602385148,1081.9126064832442,0.06106505527691916,1737400.0,7.35E22..Interloper,6.887274516852835E8,-1.309958706671622E9,9.246742539718453E8,2152273.161469338,-4093620.7193994783,2889606.874992643,1.0,3.0217500000000003E24..
480.0..Earth,-368.9367848833725,709.8716801460176,-501.0831053342482,-0.9033497921982059,1.7521510247445244,-1.2368001548880692,6371000.0,5.97E24..Moon,3.6309958453997284E8,519339.1411894519,14.586357882959964,-1.630167769410328,1081.9093503667025,0.0631911267047934,1737400.0,7.35E22..Interloper,8.178638412900522E8,-1.5555759496758149E9,1.0980506663586216E9,2152273.158840475,-4093620.7143637673,2889606.8714380506,1.0,3.0217500000000003E24..
540.0..Earth,-423.04057522550715,814.9433527045674,-575.2505344700418,-0.9001569866604804,1.7503277122026188,-1.2355107193711115,6371000.0,5.97E24..Moon,3.630994813106835E8,584253.6263603973,18.425630330547655,-1.8108314977113305,1081.906928541277,0.06470562918765536,1737400.0,7.35E22..Interloper,9.470002307602658E8,-1.801193192422414E9,1.2714270785635686E9,2152273.1569269267,-4093620.710702584,2889606.868853705,1.0,3.0217500000000003E24..
600.0..Earth,-476.9601898290185,919.9196990972123,-649.3505225864485,-0.8971946869002947,1.7489432174292208,-1.2345307549998867,6371000.0,5.97E24..Moon,3.630993672377554E8,649167.9827051767,22.343455495994924,-1.9916173052919304,1081.905016838783,0.06583729693000313,1737400.0,7.35E22..Interloper,1.0761366201303647E9,-2.046810434977546E9,1.4448034906333632E9,2152273.1554717524,-4093620.707920771,2889606.8668900863,1.0,3.0217500000000003E24..
660.0..Earth,-530.7070430891015,1024.8224532491,-723.3983943320071,-0.8943887994134283,1.7478566145278174,-1.2337607849381147,6371000.0,5.97E24..Moon,3.63099242314724E8,714082.2348986545,26.321049358193527,-2.1724975269857127,1081.9034338865638,0.06671410931284394,1737400.0,7.35E22..Interloper,1.205273009423057E9,-2.2924276773847504E9,1.6181799025987391E9,2152273.1543278946,-4093620.705735492,2889606.8653475475,1.0,3.0217500000000003E24..
720.0..Earth,-584.2890529198745,1129.6666987740348,-797.4047800304487,-0.891693913559817,1.746981532371875,-1.233139841495636,6371000.0,5.97E24..Moon,3.630991065365956E8,778996.3991344573,30.345612427563985,-2.353450802888118,1081.9020706693307,0.06741299023349985,1737400.0,7.35E22..Interloper,1.334409398654108E9,-2.538044919674221E9,1.7915563144810095E9,2152273.1534051173,-4093620.7039734544,2889606.8641037648,1.0,3.0217500000000003E24..
780.0..Earth,-637.7119373862566,1234.463335166608,-871.3773565175312,-0.8890806465411473,1.746262084768824,-1.232628475701502,6371000.0,5.97E24..Moon,3.6309895989948887E8,843910.4863685028,34.40804109064773,-2.534461186119666,1081.9008578647345,0.0679828557721816,1737400.0,7.35E22..Interloper,1.4635457878349087E9,-2.7836621618677583E9,1.9649327262955627E9,2152273.152644981,-4093620.702522559,2889606.8630796103,1.0,3.0217500000000003E24..
840.0..Earth,-690.9799609798239,1339.220497217895,-945.3218490788457,-0.8865291453519233,1.7456605111795136,-1.232200033129343,6371000.0,5.97E24..Moon,3.6309880240035117E8,908824.5041523728,38.50163395282756,-2.7155167937804188,1081.899749346658,0.06845625427901424,1737400.0,7.35E22..Interloper,1.5926821769739587E9,-3.029279403981618E9,2.1383091380538733E9,2152273.1520079747,-4093620.701307081,2889606.8622216317,1.0,3.0217500000000003E24..
900.0..Earth,-744.0963890402619,1443.944419324461,-1019.2426415486551,-0.8840255130036602,1.7451503794013163,-1.2318358558041937,6371000.0,5.97E24..Moon,3.6309863403674954E8,973738.4577312667,42.62131709664481,-2.8966086929880737,1081.8987132602042,0.06885566394832242,1737400.0,7.35E22..Interloper,1.7218185660777686E9,-3.2748966460282445E9,2.311685549764725E9,2152273.151466424,-4093620.7002740246,2889606.86149242,1.0,3.0217500000000003E24..
960.0..Earth,-797.0637774036996,1548.6399863991114,-1093.1431651870282,-0.8815597308019655,1.7447126337418626,-1.2315224926855526,6371000.0,5.97E24..Moon,3.630984548067195E8,1038652.3507333886,46.76315763006102,-3.0777300842808946,1081.8977269125662,0.06919709790813833,1737400.0,7.35E22..Interloper,1.8509549551514354E9,-3.5205138880173774E9,2.4850619614349937E9,2152273.1510003707,-4093620.6993851895,2889606.860865011,1.0,3.0217500000000003E24..
1020.0..Earth,-849.8841641496656,1653.3110985733495,-1167.0261561161794,-0.8791243936665685,1.7443331895993957,-1.2312500017286574,6371000.0,5.97E24..Moon,3.630982647086555E8,1103566.1856201931,50.92404597727987,-3.2588757223020326,1081.8967737072774,0.06949226748410246,1737400.0,7.35E22..Interloper,1.980091344199025E9,-3.7661311299567814E9,2.65843837307016E9,2152273.1505950564,-4093620.6986123454,2889606.8603194775,1.0,3.0217500000000003E24..
1080.0..Earth,-902.5592006528317,1757.96092045762,-1240.8938312684047,-0.8767139100364758,1.7440014116834284,-1.2310108756901823,6371000.0,5.97E24..Moon,3.630980637412306E8,1168479.9639903996,55.1014813548624,-3.440041506834551,1081.8958412298516,0.06974993302601903,1737400.0,7.35E22..Interloper,2.109227733223832E9,-4.011748371852748E9,2.8318147846746645E9,2152273.1502393344,-4093620.697934178,2889606.8598407744,1.0,3.0217500000000003E24..
1140.0..Earth,-955.0902436277634,1862.5920562103029,-1314.748011963864,-0.8743239787349902,1.7437091190126945,-1.2307993397757353,6371000.0,5.97E24..Moon,3.630978519033372E8,1233393.6867911988,59.29342273501084,-3.6212241923671815,1081.8949200109173,0.06997677668099002,1737400.0,7.35E22..Interloper,2.238364122228564E9,-4.2573656137104454E9,3.005191196252156E9,2152273.1499246284,-4093620.697334295,2889606.8594173305,1.0,3.0217500000000003E24..
1200.0..Earth,-1007.4784213195069,1967.2066754321218,-1388.5902127769846,-0.8719512370444188,1.7434499155537055,-1.2306108791506944,6371000.0,5.97E24..Moon,3.630976291940419E8,1298307.354468647,63.49818272093579,-3.802421179668509,1081.8940027031338,0.07017798319138953,1737400.0,7.35E22..Interloper,2.367500511215472E9,-4.502982855534171E9,3.178567607805667E9,2152273.1496442314,-4093620.696799881,2889606.859040099,1.0,3.0217500000000003E24..
1260.0..Earth,-1059.7246820928717,2071.8066055828945,-1462.4217067716406,-0.8695930179999096,1.7432187285939469,-1.2304419130868673,6371000.0,5.97E24..Moon,3.63097395612552E8,1363220.9670770874,67.71435033359174,-3.9836303643793474,1081.8930835191463,0.07035763649624409,1737400.0,7.35E22..Interloper,2.4966369001864505E9,-4.748600097327536E9,3.3519440193377476E9,2152273.149392823,-4093620.696320772,2889606.858701907,1.0,3.0217500000000003E24..
1320.0..Earth,-1111.8298307544874,2176.3934010660364,-1536.243574266555,-0.8672471793019865,1.7430114833337427,-1.2302895652632475,6371000.0,5.97E24..Moon,3.630971511581889E8,1428134.5243602875,71.94073375738529,-4.164850025627611,1081.8921578389659,0.07051899678133287,1737400.0,7.35E22..Interloper,2.6257732891431046E9,-4.994217339093605E9,3.5253204308505607E9,2152273.1491661295,-4093620.6958888066,2889606.858396992,1.0,3.0217500000000003E24..
1380.0..Earth,-1163.7945561461481,2280.9683957110647,-1610.0567398816738,-0.8649119803476947,1.7428248689996573,-1.2301514986700346,6371000.0,5.97E24..Moon,3.63096895830368E8,1493048.0258126238,76.17631716451835,-4.346078743060302,1081.8912219301071,0.07066469796216662,1737400.0,7.35E22..Interloper,2.75490967808681E9,-5.239834580835002E9,3.6986968423459578E9,2152273.1489606765,-4093620.695497352,2889606.8581206733,1.0,3.0217500000000003E24..
1440.0..Earth,-1215.6194524115826,2385.532743222966,-1683.8620010905856,-0.8625859922983015,1.7426561677933794,-1.2300257948669933,6371000.0,5.97E24..Moon,3.630966296285824E8,1557961.4707259224,80.42022766233941,-4.5273153342989065,1081.8902727444706,0.07079689101378563,1737400.0,7.35E22..Interloper,2.884046067018753E9,-5.485451822553988E9,3.872073253825536E9,2152273.148773613,-4093620.6951409657,2889606.8578691077,1.0,3.0217500000000003E24..
1500.0..Earth,-1267.3050356012488,2490.0874487644933,-1757.660050513848,-0.8602680312725287,1.7425031278253376,-1.229910864289777,6371000.0,5.97E24..Moon,3.630963525523904E8,1622874.858225804,84.67170964558976,-4.7085588072524684,1081.8893077685136,0.0709173496981766,1737400.0,7.35E22..Interloper,3.013182455939964E9,-5.731069064252529E9,4.0454496652906814E9,2152273.1486025755,-4093620.6948151365,2889606.857639112,1.0,3.0217500000000003E24..
1560.0..Earth,-1318.8517567901786,2594.633393906287,-1831.4514935307923,-0.8579571080127365,1.742363867379848,-1.2298053786725651,6371000.0,5.97E24..Moon,3.630960646014048E8,1687788.1873002353,88.93010464976183,-4.8898083233679,1081.8883249110954,0.07102754970603496,1737400.0,7.35E22..Interloper,3.142318844851343E9,-5.976686305932341E9,4.2188260767426066E9,2152273.1484455895,-4093620.6945160963,2889606.857428026,1.0,3.0217500000000003E24..
1620.0..Earth,-1370.260012552263,2699.1713565489526,-1905.2368623421282,-0.8556523894723036,1.7422368018543628,-1.2297082194759061,6371000.0,5.97E24..Moon,3.6309576577528507E8,1752701.4568222046,93.19483534894293,-5.071063169023281,1081.8873224184001,0.07112872869203157,1737400.0,7.35E22..Interloper,3.271455233753682E9,-6.222303547594933E9,4.392202488182378E9,2152273.1483009914,-4093620.6942406716,2889606.8572336095,1.0,3.0217500000000003E24..
1680.0..Earth,-1421.5301534055757,2803.702026986052,-1979.0166273084972,-0.8533531691552688,1.7421205873455057,-1.2296184380652033,6371000.0,5.97E24..Moon,3.6309545607373023E8,1817614.665567918,97.4653927161619,-5.252322733049411,1081.8862988086098,0.07122193237283088,1737400.0,7.35E22..Interloper,3.400591622647681E9,-6.467920789241639E9,4.565578899610935E9,2152273.148167371,-4093620.6939861714,2889606.8570539635,1.0,3.0217500000000003E24..
1740.0..Earth,-1472.6624906828254,2908.2260209716947,-2052.7912061746315,-0.8510588439667941,1.7420140766186847,-1.229535224630524,6371000.0,5.97E24..Moon,3.630951354964733E8,1882527.8122315346,101.74132562522101,-5.433586488910556,1081.8852528211835,0.0713080503193825,1737400.0,7.35E22..Interloper,3.529728011533962E9,-6.713538030873646E9,4.738955311029116E9,2152273.1480435235,-4093620.6937502986,2889606.856887466,1.0,3.0217500000000003E24..
1800.0..Earth,-1523.6573021667232,3012.7438904389987,-2126.560971635304,-0.8487688959658906,1.7419162844017997,-1.2294578836881065,6371000.0,5.97E24..Moon,3.6309480404327685E8,1947440.895437202,106.02223235764505,-5.614853980461694,1081.884183377069,0.07138784403311234,1737400.0,7.35E22..Interloper,3.658864400413079E9,-6.959155272492008E9,4.912331722437666E9,2152273.1479284153,-4093620.69353108,2889606.8567327242,1.0,3.0217500000000003E24..
1860.0..Earth,-1574.5148367474724,3117.2561323586287,-2200.3262575884014,-0.8464828778505459,1.7418263597779746,-1.229385814592928,6371000.0,5.97E24..Moon,3.630944617139289E8,2012353.9137489642,110.30775361092275,-5.796124810476095,1081.8830895471972,0.0714619691781838,1737400.0,7.35E22..Interloper,3.7880007892855287E9,-7.204772514097674E9,5.085708133837254E9,2152273.147821152,-4093620.6933268122,2889606.856588536,1.0,3.0217500000000003E24..
1920.0..Earth,-1625.2353182991958,3221.763196111754,-2274.087364339349,-0.8442004013139286,1.7417435640390733,-1.2293184959059356,6371000.0,5.97E24..Moon,3.630941085082398E8,2077266.8656789786,114.59756670062187,-5.977398631337144,1081.881970527317,0.07153099334054888,1737400.0,7.35E22..Interloper,3.917137178151758E9,-7.450389755691495E9,5.25908454522848E9,2152273.147720959,-4093620.693136016,2889606.856453857,1.0,3.0217500000000003E24..
1980.0..Earth,-1675.8189489273932,3326.2654896667073,-2347.844562961096,-0.841921127630258,1.7416672527800352,-1.229255472754787,6371000.0,5.97E24..Moon,3.6309374442603946E8,2142179.749694375,118.89138071994235,-6.15867513743456,1081.880825617727,0.07159541032918133,1737400.0,7.35E22..Interloper,4.0462735670121713E9,-7.69600699727424E9,5.432460956611889E9,2152273.147627159,-4093620.6929574013,2889606.856327777,1.0,3.0217500000000003E24..
2040.0..Earth,-1726.2659117060532,3430.763384784968,-2421.5980989689183,-0.8396447599876269,1.741596861315916,-1.229196346540025,6371000.0,5.97E24..Moon,3.63093369467175E8,2207092.5642230175,123.18893247312968,-6.3399540589130225,1081.879654206833,0.07165565177987647,1737400.0,7.35E22..Interloper,4.175409955867133E9,-7.941624238846604E9,5.60583736798797E9,2152273.147539159,-4093620.6927898377,2889606.8562094974,1.0,3.0217500000000003E24..
2100.0..Earth,-1776.5763729977375,3535.257221433958,-2495.3481954353233,-0.837371037200918,1.7415318927238619,-1.2291407664941398,6371000.0,5.97E24..Moon,3.630929836315089E8,2272005.307658377,127.48998303894749,-6.521235156501612,1081.8784557577112,0.07171209663681573,1737400.0,7.35E22..Interloper,4.304546344716976E9,-8.187241480409222E9,5.779213779357171E9,2152273.147456437,-4093620.69263233,2889606.856098316,1.0,3.0217500000000003E24..
2160.0..Earth,-1826.7504844306334,3639.747311547391,-2569.095055644411,-0.835099728523434,1.7414719079748369,-1.2290884227157493,6371000.0,5.97E24..Moon,3.63092586918917E8,2336917.9783636667,131.79431485063435,-6.702518217212837,1081.8772297970563,0.07176507895112443,1737400.0,7.35E22..Interloper,4.433682733562002E9,-8.432858721962667E9,5.952590190719898E9,2152273.147378532,-4093620.6924839998,2889606.855993613,1.0,3.0217500000000003E24..
2220.0..Earth,-1876.7883845916926,3744.2339422456207,-2642.838865365053,-0.8328306293395724,1.741416517741096,-1.2290390403866533,6371000.0,5.97E24..Moon,3.630921793292874E8,2401830.5746753775,136.10172920194984,-6.8838030507457635,1081.875975906037,0.07181489433478747,1737400.0,7.35E22..Interloper,4.562819122402488E9,-8.67847596350747E9,6.125966602076524E9,2152273.147305036,-4093620.692344067,2889606.855894838,1.0,3.0217500000000003E24..
2280.0..Earth,-1926.6902004834205,3848.7173786064495,-2716.5797948067543,-0.8305635575688025,1.7413653755565544,-1.2289923749438731,6371000.0,5.97E24..Moon,3.630917608625189E8,2466743.0949063106,140.41204410684236,-7.06508948646269,1081.8746937126816,0.07186180533274422,1737400.0,7.35E22..Interloper,4.691955511238687E9,-8.92409320504411E9,6.299343013427388E9,2152273.1472355844,-4093620.692211839,2889606.8558015013,1.0,3.0217500000000003E24..
2340.0..Earth,-1976.4560487828307,3953.1978660596587,-2790.3180003099055,-0.828298350647574,1.7413181720763813,-1.2289482080276097,6371000.0,5.97E24..Moon,3.6309133151852006E8,2531655.5373481936,144.7250924542499,-7.246377370835698,1081.8733828855081,0.07190604591889165,1737400.0,7.35E22..Interloper,4.821091900070832E9,-9.16971044657303E9,6.472719424772804E9,2152273.1471698526,-4093620.692086696,2889606.855713166,1.0,3.0217500000000003E24..
2400.0..Earth,-2026.0860369339578,4057.6756324649655,-2864.0536258125726,-0.8260348629836234,1.7412746302350945,-1.2289063440634385,6371000.0,5.97E24..Moon,3.630908912972082E8,2596567.900273943,149.04072041052441,-7.427666565280222,1081.872043128164,0.07194782527821128,1737400.0,7.35E22..Interloper,4.9502282888991375E9,-9.415327688094643E9,6.64609583611306E9,2152273.147107549,-4093620.691968084,2889606.85562944,1.0,3.0217500000000003E24..
2460.0..Earth,-2075.5802640996526,4162.150889922334,-2937.7868041283614,-0.8237729637986066,1.7412345011432504,-1.2288666073658616,6371000.0,5.97E24..Moon,3.6309044019850856E8,2661480.1819396326,153.35878603065711,-7.608956944309032,1081.8706741748952,0.07198733100380578,1737400.0,7.35E22..Interloper,5.079364677723801E9,-9.660944929609322E9,6.8194722474484215E9,2152273.147048413,-4093620.6918555037,2889606.855549972,1.0,3.0217500000000003E24..
2520.0..Earth,-2124.938821993865,4266.623836354974,-3011.5176580638276,-0.8215125352916625,1.7411975605945427,-1.2288288396727387,6371000.0,5.97E24..Moon,3.630899782223535E8,2726392.380586212,157.6791580464008,-7.790248393952783,1081.8692757867,0.07202473181175409,1737400.0,7.35E22..Interloper,5.208501066545005E9,-9.906562171117414E9,6.992848658779135E9,2152273.146992208,-4093620.6917485073,2889606.8554744455,1.0,3.0217500000000003E24..
2580.0..Earth,-2174.1617956119817,4371.0946568984455,-3085.2463013990164,-0.8192534710695549,1.7411636060799376,-1.228792898037622,6371000.0,5.97E24..Moon,3.6308950536868197E8,2791304.49444101,162.00171480492892,-7.971540810403364,1081.8678477480469,0.0720601798565219,1737400.0,7.35E22..Interloper,5.33763745536292E9,-1.0152179412619246E10,7.166225070105428E9,2152273.146938722,-4093620.691646689,2889606.8554025744,1.0,3.0217500000000003E24..
2640.0..Earth,-2223.2492638738463,4475.56352512368,-3158.97283975077,-0.8169956747993161,1.7411324542250004,-1.2287586530208159,6371000.0,5.97E24..Moon,3.6308902163743883E8,2856216.5217190557,166.32634333614243,-8.152834098844277,1081.8663898640655,0.07209381271383222,1737400.0,7.35E22..Interloper,5.466773844177702E9,-1.0397796654115114E10,7.339601481427511E9,2152273.1468877625,-4093620.691549682,2889606.8553340994,1.0,3.0217500000000003E24..
2700.0..Earth,-2272.2013001916985,4580.0306041171925,-3232.6973713352336,-0.8147390590474458,1.7411039385820557,-1.228725987130906,6371000.0,5.97E24..Moon,3.630885270285744E8,2921128.460624245,170.6529385303593,-8.334128172438703,1081.8649019581298,0.07212575508539706,1737400.0,7.35E22..Interloper,5.595910232989498E9,-1.0643413895605297E10,7.512977892745583E9,2152273.1468391544,-4093620.6914571533,2889606.8552687853,1.0,3.0217500000000003E24..
2760.0..Earth,-2321.017972973308,4684.496047438051,-3306.4199876433563,-0.8124835442762116,1.7410779077211513,-1.2286947934772072,6371000.0,5.97E24..Moon,3.6308802154204404E8,2986040.309350371,174.98140241107677,-8.515422951451022,1081.863383869775,0.07215612026997491,1737400.0,7.35E22..Interloper,5.725046621798445E9,-1.0889031137090055E10,7.686354304059824E9,2152273.1467927387,-4093620.691368799,2889606.8552064183,1.0,3.0217500000000003E24..
2820.0..Earth,-2369.699346068986,4788.959999968083,-3380.140774041039,-0.8102290579727925,1.74105422357369,-1.228664974600567,6371000.0,5.97E24..Moon,3.630875051778076E8,3050952.066082037,179.31164348991697,-8.696718362481736,1081.8618354528903,0.07218501143727875,1737400.0,7.35E22..Interloper,5.854183010604668E9,-1.1134648378569632E10,7.859730715370407E9,2152273.14674837,-4093620.6912843436,2889606.855146803,1.0,3.0217500000000003E24..
2880.0..Earth,-2418.245479169816,4893.422598669311,-3453.8598103037957,-0.8079755338911945,1.7410327599905546,-1.2286364414555724,6371000.0,5.97E24..Moon,3.630869779358293E8,3115863.7289954713,183.64357619286002,-8.878014337799087,1081.8602565741526,0.07221252273487867,1737400.0,7.35E22..Interloper,5.983319399408287E9,-1.138026562004425E10,8.033107126677491E9,2152273.146705916,-4093620.6912035346,2889606.8550897613,1.0,3.0217500000000003E24..
2940.0..Earth,-2466.6564281633614,4997.883973260508,-3527.5771710943177,-0.8057229113902616,1.741013401483006,-1.2286091125217762,6371000.0,5.97E24..Moon,3.6308643981607705E8,3180775.2962592514,187.97712034851696,-9.059310814753443,1081.8586471116569,0.07223874025308964,1737400.0,7.35E22..Interloper,6.112455788209414E9,-1.1625882861514124E10,8.206483537981226E9,2152273.146665256,-4093620.6911261403,2889606.8550351304,1.0,3.0217500000000003E24..
3000.0..Earth,-2514.9322454521803,5102.344246823013,-3601.292926390109,-0.8034711348538655,1.7409960421198836,-1.228582913025251,6371000.0,5.97E24..Moon,3.6308589081852263E8,3245686.7660349533,192.31220073056483,-9.240607735262733,1081.8570069537227,0.07226374286865146,1737400.0,7.35E22..Interloper,6.241592177008151E9,-1.187150010297945E10,8.379859949281752E9,2152273.146626278,-4093620.6910519493,2889606.8549827607,1.0,3.0217500000000003E24..
3060.0..Earth,-2563.072980239723,5206.803536344501,-3675.0071418673256,-0.8012201531816112,1.7409805845589292,-1.2285577742548208,6371000.0,5.97E24..Moon,3.6308533094314104E8,3310598.136477732,196.64874664760868,-9.421905045359093,1081.8553359978441,0.07228760298459656,1737400.0,7.35E22..Interloper,6.370728565804598E9,-1.2117117344440416E10,8.5532363605792E9,2152273.1465888796,-4093620.6909807664,2889606.8549325145,1.0,3.0217500000000003E24..
3120.0..Earth,-2611.0786787875363,5311.261953208186,-3748.719879246094,-0.7989699193402552,1.7409669391935845,-1.2285336329598007,6371000.0,5.97E24..Moon,3.630847601899104E8,3375509.4057368445,200.98669157469234,-9.603202694788404,1081.8536341497688,0.07231038718090536,1737400.0,7.35E22..Interloper,6.499864954598846E9,-1.2362734585897198E10,8.726612771873693E9,2152273.146552967,-4093620.6909124125,2889606.854884265,1.0,3.0217500000000003E24..
3180.0..Earth,-2658.9493846471632,5415.7196036339,-3822.4311966018586,-0.7967203899675535,1.7409550233995106,-1.228510430818131,6371000.0,5.97E24..Moon,3.6308417855881184E8,3440420.5719561186,205.32597282148475,-9.784500636655668,1081.8519013226842,0.0723321567882496,1737400.0,7.35E22..Interloper,6.629001343390983E9,-1.2608351827349958E10,8.89998918316535E9,2152273.146518453,-4093620.690846722,2889606.8548378954,1.0,3.0217500000000003E24..
3240.0..Earth,-2706.685138869672,5520.176589076605,-3896.1411486466877,-0.7944715250215294,1.7409447608674962,-1.2284881139654888,6371000.0,5.97E24..Moon,3.6308358604982907E8,3505331.633274379,209.66653123284766,-9.965798827110216,1081.850137436499,0.07235296839522327,1737400.0,7.35E22..Interloper,6.7581377321810875E9,-1.2853969068798855E10,9.073365594454277E9,2152273.146485258,-4093620.6907835426,2889606.854793298,1.0,3.0217500000000003E24..
3300.0..Earth,-2754.285980195347,5624.6330065871925,-3969.8497869839543,-0.7922232874691987,1.740936081011412,-1.2284666325773765,6371000.0,5.97E24..Moon,3.630829826629484E8,3570242.5878258315,214.00831091806583,-10.147097225065634,1081.8483424172064,0.07237287429788465,1737400.0,7.35E22..Interloper,6.887274120969238E9,-1.3099586310244032E10,9.24674200574058E9,2152273.1464533075,-4093620.6907227323,2889606.8547503734,1.0,3.0217500000000003E24..
3360.0..Earth,-2801.751945225763,5729.088949139764,-4043.5571603393573,-0.7899756430096678,1.7409289184415457,-1.2284459404973573,6371000.0,5.97E24..Moon,3.6308236839815867E8,3635153.4337404077,218.35125900550997,-10.328395791950026,1081.8465161963181,0.07239192289912025,1737400.0,7.35E22..Interloper,7.016410509755507E9,-1.3345203551685627E10,9.420118417024355E9,2152273.146422533,-4093620.690664161,2889606.854709029,1.0,3.0217500000000003E24..
3420.0..Earth,-2849.083068580164,5833.54450592906,-4117.263314770872,-0.7877285598272588,1.7409232124950442,-1.2284259949056047,6371000.0,5.97E24..Moon,3.630817432554507E8,3700064.169144084,222.69532541991867,-10.509694491482843,1081.84465871036,0.07241015906424458,1737400.0,7.35E22..Interloper,7.145546898539964E9,-1.3590820793123774E10,9.593494828305695E9,2152273.1463928707,-4093620.690607707,2889606.85466918,1.0,3.0217500000000003E24..
3480.0..Earth,-2896.2793830378346,5937.999762641252,-4190.968293859898,-0.7854820083709273,1.7409189068163686,-1.2284067560227532,6371000.0,5.97E24..Moon,3.630811072348177E8,3764974.7921591676,227.04046267984305,-10.69099328947506,1081.8427699004224,0.07242762443832969,1737400.0,7.35E22..Interloper,7.274683287322673E9,-1.3836438034558592E10,9.766871239584686E9,2152273.1463642614,-4093620.6905532577,2889606.854630745,1.0,3.0217500000000003E24..
3540.0..Earth,-2943.3409196679454,6042.45480170091,-4264.672138885587,-0.783235961156766,1.7409159489816546,-1.2283881868447424,6371000.0,5.97E24..Moon,3.6308046033625466E8,3829885.300904557,231.38662571310252,-10.87229215364987,1081.840849711759,0.0724443577299839,1737400.0,7.35E22..Interloper,7.403819676103695E9,-1.4082055275990202E10,9.940247650861412E9,2152273.14633665,-4093620.690500708,2889606.8545936514,1.0,3.0217500000000003E24..
3600.0..Earth,-2990.26770794817,6146.909702496606,-4338.374888984096,-0.780990392590821,1.7409142901617103,-1.2283702529049332,6371000.0,5.97E24..Moon,3.6307980255975854E8,3894795.6934959823,235.73377168836416,-11.053591053481522,1081.8388980934249,0.07246039496564624,1737400.0,7.35E22..Interloper,7.532956064883089E9,-1.4327672517418713E10,1.011362406213595E10,2152273.146309985,-4093620.69044996,2889606.8545578294,1.0,3.0217500000000003E24..
3660.0..Earth,-3037.0597758732215,6251.364541587349,-4412.076581294307,-0.7787452788098266,1.740913884819093,-1.2283529220602802,6371000.0,5.97E24..Moon,3.630791339053281E8,3959705.968046223,240.08185986118403,-11.234889960050163,1081.8369149979546,0.07247576971790898,1737400.0,7.35E22..Interloper,7.662092453660911E9,-1.457328975884423E10,1.0287000473408375E10,2152273.1462842184,-4093620.690400923,2889606.8545232154,1.0,3.0217500000000003E24..
3720.0..Earth,-3083.7171500543145,6355.819392891765,-4485.777251091363,-0.7765005975377771,1.7409146904353108,-1.228336164298769,6371000.0,5.97E24..Moon,3.630784543729637E8,4024616.1226653066,244.43085143304592,-11.416188845910876,1081.83490038107,0.07249051331091057,1737400.0,7.35E22..Interloper,7.791228842437212E9,-1.4818907000266855E10,1.0460376884678759E10,2152273.146259306,-4093620.690353512,2889606.854489749,1.0,3.0217500000000003E24..
3780.0..Earth,-3130.2398558104546,6460.274327861726,-4559.476931909229,-0.7742563279565314,1.740916667264711,-1.2283199515656902,6371000.0,5.97E24..Moon,3.630777639626675E8,4089526.155460694,248.7807094221027,-11.597487684975325,1081.832854201418,0.07250465500544115,1737400.0,7.35E22..Interloper,7.920365231212044E9,-1.5064524241686682E10,1.0633753295947166E10,2152273.1462352057,-4093620.690307647,2889606.8544573737,1.0,3.0217500000000003E24..
3840.0..Earth,-3176.627917252342,6564.729415641934,-4633.1756556533455,-0.7720124505888717,1.7409197781120584,-1.2283042576066374,6371000.0,5.97E24..Moon,3.63077062674443E8,4154436.064537446,253.13139854447363,-11.778786452404612,1081.8307764203348,0.07251822216606008,1737400.0,7.35E22..Interloper,8.049501619985453E9,-1.5310141483103802E10,1.0807129707213663E10,2152273.146211879,-4093620.6902632536,2889606.8544260375,1.0,3.0217500000000003E24..
3900.0..Earth,-3222.8813573595994,6669.184723216806,-4706.873452704308,-0.769768947192641,1.7409239881311853,-1.228289057825377,6371000.0,5.97E24..Moon,3.630763505082952E8,4219345.84799838,257.48288510508,-11.96008512451211,1081.82866700163,0.07253124041223216,1737400.0,7.35E22..Interloper,8.178638008757484E9,-1.5555758724518301E10,1.098050611847831E10,2152273.1461892882,-4093620.6902202624,2889606.854395691,1.0,3.0217500000000003E24..
3960.0..Earth,-3269.0001980519496,6773.640315545853,-4780.570352013432,-0.7675258006647538,1.7409292646424201,-1.2282743291549747,6371000.0,5.97E24..Moon,3.630756274642304E8,4284255.50394421,261.8351368971138,-12.14138367867524,1081.8265259113944,0.07254373375523732,1737400.0,7.35E22..Interloper,8.307774397528182E9,-1.580137596593026E10,1.1153882529741165E10,2152273.1461674,-4093620.690178608,2889606.854366288,1.0,3.0217500000000003E24..
4020.0..Earth,-3314.984460254903,6878.096255688618,-4854.2663811909415,-0.7652829949540226,1.7409355769667827,-1.2282600499407583,6371000.0,5.97E24..Moon,3.6307489354225653E8,4349165.030473679,266.18812310933316,-12.322682093255214,1081.8243531178225,0.07255572472239165,1737400.0,7.35E22..Interloper,8.436910786297586E9,-1.6046993207339758E10,1.1327258941002283E10,2152273.1461461815,-4093620.6901382287,2889606.8543377854,1.0,3.0217500000000003E24..
4080.0..Earth,-3360.834163960454,6982.552604920121,-4927.961566587463,-0.7630405149818688,1.7409428962751767,-1.228246199833865,6371000.0,5.97E24..Moon,3.6307414874238247E8,4414074.425683683,270.54181424046465,-12.503980347523932,1081.8221485910535,0.07256723446993099,1737400.0,7.35E22..Interloper,8.566047175065737E9,-1.629261044874687E10,1.1500635352261717E10,2152273.146125603,-4093620.690099067,2889606.854310142,1.0,3.0217500000000003E24..
4140.0..Earth,-3406.54932828324,7087.0094228376665,-5001.655933369419,-0.7607983465700989,1.7409511954510215,-1.2282327596942748,6371000.0,5.97E24..Moon,3.6307339306461847E8,4478983.687669379,274.8961820200686,-12.685278421597303,1081.8199123030254,0.07257828288574572,1737400.0,7.35E22..Interloper,8.69518356383267E9,-1.6538227690151669E10,1.1674011763519516E10,2152273.1461056354,-4093620.6900610686,2889606.85428332,1.0,3.0217500000000003E24..
4200.0..Earth,-3452.129971512555,7191.466767459779,-5075.349505588863,-0.7585564763750235,1.7409604489649444,-1.22821971150236,6371000.0,5.97E24..Moon,3.6307262650897586E8,4543892.814524291,279.2511993352903,-12.866576296374339,1081.8176442273418,0.07258888868301566,1737400.0,7.35E22..Interloper,8.824319952598425E9,-1.678384493155422E10,1.184738817477573E10,2152273.1460862523,-4093620.6900241827,2889606.854257283,1.0,3.0217500000000003E24..
4260.0..Earth,-3497.5761111605902,7295.924695317949,-5149.04230624825,-0.7563148918272758,1.740970632760317,-1.2282070382780867,6371000.0,5.97E24..Moon,3.630718490754672E8,4608801.804340408,283.60684016298023,-13.047873953481433,1081.8153443391518,0.0725990694856715,1737400.0,7.35E22..Interloper,8.953456341363033E9,-1.7029462172954592E10,1.2020764586030405E10,2152273.146067428,-4093620.6899883607,2889606.854231997,1.0,3.0217500000000003E24..
4320.0..Earth,-3542.887764007216,7400.383261541814,-5222.734357360551,-0.7540735810767654,1.740981724148557,-1.22819472400711,6371000.0,5.97E24..Moon,3.6307106076410615E8,4673710.65520827,287.96307950671695,-13.229171375221343,1081.8130126150384,0.07260884190650327,1737400.0,7.35E22..Interloper,9.082592730126528E9,-1.7275079414352844E10,1.2194140997283585E10,2152273.146049139,-4093620.6899535577,2889606.85420743,1.0,3.0217500000000003E24..
4380.0..Earth,-3588.0649461416037,7504.842519938318,-5296.425680005145,-0.7518325329422615,1.740993701713236,-1.228182753573086,6371000.0,5.97E24..Moon,3.6307026157490724E8,4738619.3652170515,292.3198933383148,-13.410468544526397,1081.8106490329176,0.07261822161864324,1737400.0,7.35E22..Interloper,9.21172911888894E9,-1.752069665574904E10,1.236751740853531E10,2152273.146031363,-4093620.6899197306,2889606.8541835523,1.0,3.0217500000000003E24..
4440.0..Earth,-3633.107673000952,7609.3025230653675,-5370.116294379804,-0.7495917368651585,1.7410065452221404,-1.2281711126955976,6371000.0,5.97E24..Moon,3.630694515078862E8,4803527.932454642,296.6772585434378,-13.591765444915534,1081.8082535719461,0.07262722342106988,1737400.0,7.35E22..Interloper,9.340865507650301E9,-1.776631389714323E10,1.2540893819785624E10,2152273.146014078,-4093620.689886839,2889606.854160335,1.0,3.0217500000000003E24..
4500.0..Earth,-3678.0159594065517,7713.763322300427,-5443.806219849113,-0.7473511828670241,1.7410202355465294,-1.22815978787316,6371000.0,5.97E24..Moon,3.6306863056305957E8,4868436.355007714,301.03515287097935,-13.77306206045481,1081.805826212435,0.07263586129870808,1737400.0,7.35E22..Interloper,9.470001896410639E9,-1.8011931138535477E10,1.2714270231034563E10,2152273.1459972644,-4093620.6898548445,2889606.854137751,1.0,3.0217500000000003E24..
4560.0..Earth,-3722.789819597408,7818.22496790447,-5517.495474989621,-0.7451108615105742,1.7410347545869087,-1.2281487663308257,6371000.0,5.97E24..Moon,3.6306779874044496E8,4933344.630961791,305.3935548858983,-13.954358375721057,1081.8033669357724,0.07264414847763884,1737400.0,7.35E22..Interloper,9.599138285169981E9,-1.825754837992583E10,1.2887646642282166E10,2152273.1459809034,-4093620.689823711,2889606.8541157744,1.0,3.0217500000000003E24..
