WITHOUTINTERLOPER,earthMoon,1..
3603.134903003747..Earth,241.51688242872464,0.8643882307929631,0.0,0.1340578864384459,7.196929116324474E-4,0.0,6371000.0,5.97E24..Moon,3.630803829144489E8,3898521.7555570346,0.0,-10.888783429081931,1081.9415433104461,0.0,1737400.0,7.35E22..
7242.248621489954..Earth,975.7067896105508,7.019025851660178,0.0,0.2694370484881637,0.002907469485047008,0.0,6371000.0,5.97E24..Moon,3.630207487138247E8,7835542.891658489,0.0,-21.884886795569212,1081.763842274483,0.0,1737400.0,7.35E22..
10857.580266474122..Earth,2192.882614739152,23.650368823532613,0.0,0.4038969462734636,0.006534385747318589,0.0,6371000.0,5.97E24..Moon,3.6292188422843665E8,1.174598085918386E7,0.0,-32.80632339119154,1081.4692478515474,0.0,1737400.0,7.35E22..
14547.031988448472..Earth,3936.0886679084283,56.87697447271531,0.0,0.5410601006423176,0.011728568659504102,0.0,6371000.0,5.97E24..Moon,3.627802932061589E8,1.5735268808268609E7,0.0,-43.9473306236005,1081.047352994598,0.0,1737400.0,7.35E22..
18113.751982235193..Earth,6102.273324980305,109.8011543427013,0.0,0.6735921235330865,0.018182781171730597,0.0,6371000.0,5.97E24..Moon,3.6260434596258456E8,1.9590161102038044E7,0.0,-54.71217656452417,1080.523112876258,0.0,1737400.0,7.35E22..
22100.012147087233..Earth,9082.451090351444,199.39563316791217,0.0,0.8216134248292327,0.02706175282468718,0.0,6371000.0,5.97E24..Moon,3.623622825440911E8,2.389601733457685E7,0.0,-66.73513124123154,1079.801922933834,0.0,1737400.0,7.35E22..
25784.23113248464..Earth,12361.293878387229,316.63049546045994,0.0,0.9583060237291012,0.03682980360466336,0.0,6371000.0,5.97E24..Moon,3.6209596021151185E8,2.787281993490085E7,0.0,-77.83791784575146,1079.0085179929297,0.0,1737400.0,7.35E22..
29525.710936575648..Earth,16206.267330374822,475.37360865307505,0.0,1.0969928380223402,0.04828342682311518,0.0,6371000.0,5.97E24..Moon,3.617836542045953E8,3.1908207254549637E7,0.0,-89.10268357814105,1078.0782032906961,0.0,1737400.0,7.35E22..
32858.4216024535..Earth,20067.905192825045,655.1150954547501,0.0,1.2204018042639453,0.05978560881442088,0.0,6371000.0,5.97E24..Moon,3.614699946394412E8,3.549960078446885E7,0.0,-99.12651389735716,1077.1439444269124,0.0,1737400.0,7.35E22..
36836.71018457886..Earth,25215.764520034336,922.8789440551875,0.0,1.367541663317221,0.0751172130878433,0.0,6371000.0,5.97E24..Moon,3.610518623920475E8,3.9782360048340134E7,0.0,-111.07787387760283,1075.8986426920508,0.0,1737400.0,7.35E22..
39712.39277588436..Earth,29301.147942909633,1156.1671535261712,0.0,1.4737704689662119,0.08728312894875677,0.0,6371000.0,5.97E24..Moon,3.6072002920790374E8,4.287489989634301E7,0.0,-119.7062544180719,1074.910472383348,0.0,1737400.0,7.35E22..
44630.07595367114..Earth,36994.82160592715,1640.6379530454162,0.0,1.6551510035041779,0.11019092527611113,0.0,6371000.0,5.97E24..Moon,3.600951144899689E8,4.815648220119635E7,0.0,-134.43879579482913,1073.0497983143098,0.0,1737400.0,7.35E22..
48580.70197731606..Earth,43821.06303612919,2115.540292148633,0.0,1.8005822042814352,0.13051235404376366,0.0,6371000.0,5.97E24..Moon,3.59540656512577E8,5.239248585858361E7,0.0,-146.25137087836964,1071.399200630733,0.0,1737400.0,7.35E22..
50625.05357387705..Earth,47578.916218901446,2393.7092701900847,0.0,1.8757329844612727,0.14169787744029122,0.0,6371000.0,5.97E24..Moon,3.592354268050783E8,5.458188015274414E7,0.0,-152.35545465624216,1070.4906621997497,0.0,1737400.0,7.35E22..
55147.1184760858..Earth,56436.48157358431,3093.24012603348,0.0,2.041688961310402,0.1680590070017993,0.0,6371000.0,5.97E24..Moon,3.585159755783102E8,5.941793534007163E7,0.0,-165.8351442043959,1068.3494929006722,0.0,1737400.0,7.35E22..
60006.92023099833..Earth,66791.15329873987,3983.7989177584805,0.0,2.219584902314582,0.19886847392554427,0.0,6371000.0,5.97E24..Moon,3.576749226504302E8,6.4603905655395865E7,0.0,-180.2846512492252,1065.8470096689068,0.0,1737400.0,7.35E22..
62721.13458579227..Earth,72950.15718023543,4548.25495896732,0.0,2.318720659579808,0.21719038760947962,0.0,6371000.0,5.97E24..Moon,3.5717466070250463E8,6.74948379333235E7,0.0,-188.33690255362518,1064.3588215778443,0.0,1737400.0,7.35E22..
65435.84199823612..Earth,79379.2046559745,5163.638912051054,0.0,2.4177080281985686,0.23631269519815148,0.0,6371000.0,5.97E24..Moon,3.5665246460141397E8,7.038216710596994E7,0.0,-196.3771010659245,1062.8056219002337,0.0,1737400.0,7.35E22..
71387.7756467183..Earth,94413.70561363145,6701.309323651008,0.0,2.6341188330040737,0.28101902219627956,0.0,6371000.0,5.97E24..Moon,3.554312949317921E8,7.66972628189712E7,0.0,-213.95495827257574,1059.1743732991613,0.0,1737400.0,7.35E22..
74811.94981074505..Earth,103645.93752466649,7710.196400473689,0.0,2.7582144894828655,0.30846370076796725,0.0,6371000.0,5.97E24..Moon,3.546814116051407E8,8.032027292637153E7,0.0,-224.03456465595517,1056.945193284563,0.0,1737400.0,7.35E22..
78125.46500136737..Earth,112983.86284035657,8777.950888985948,0.0,2.87800069626167,0.33621628928346753,0.0,6371000.0,5.97E24..Moon,3.5392294338562137E8,8.381876854906818E7,0.0,-233.76413818615197,1054.6910034418754,0.0,1737400.0,7.35E22..
81686.82839113353..Earth,123462.22264148414,10030.378965779853,0.0,3.0064043142148438,0.3673507593202628,0.0,6371000.0,5.97E24..Moon,3.530718439568767E8,8.757043590525152E7,0.0,-244.19365654234852,1052.1621219980705,0.0,1737400.0,7.35E22..
85279.42069431646..Earth,134495.12267956,11408.581538577067,0.0,3.1355589234216605,0.400124345324382,0.0,6371000.0,5.97E24..Moon,3.521757022803146E8,9.134567697648458E7,0.0,-254.68417377996343,1049.5001041961032,0.0,1737400.0,7.35E22..
89233.71178951472..Earth,147174.36396313066,13064.69106009355,0.0,3.2772624116269746,0.43777755659957096,0.0,6371000.0,5.97E24..Moon,3.5114583737605727E8,9.548970329055777E7,0.0,-266.19396731174197,1046.441741321098,0.0,1737400.0,7.35E22..
93138.14298150828..Earth,160242.56718435264,14849.179984248325,0.0,3.416692130402704,0.4765736820040338,0.0,6371000.0,5.97E24..Moon,3.5008437923686415E8,9.956935363788386E7,0.0,-277.519075081689,1043.2905458290622,0.0,1737400.0,7.35E22..
97509.57710701833..Earth,175518.54257007543,17030.85066046808,0.0,3.572199666525233,0.5219084530186658,0.0,6371000.0,5.97E24..Moon,3.488435959300238E8,1.0412204027410707E8,0.0,-290.1500953626618,1039.608252183384,0.0,1737400.0,7.35E22..
102331.07625618041..Earth,193153.86921746322,19672.379580380606,0.0,3.7429510685143765,0.5742241299888529,0.0,6371000.0,5.97E24..Moon,3.4741117552070534E8,1.091243455146994E8,0.0,-304.0192908711677,1035.3589380131523,0.0,1737400.0,7.35E22..
107271.57977288254..Earth,212076.35947148796,22646.900137998004,0.0,3.917045020211457,0.6303332222351,0.0,6371000.0,5.97E24..Moon,3.4587420590415394E8,1.1422836640509117E8,0.0,-318.15998327431834,1030.8015056225388,0.0,1737400.0,7.35E22..
112457.57697263735..Earth,232861.87573611323,26074.350611446513,0.0,4.098797068852162,0.6919367756884927,0.0,6371000.0,5.97E24..Moon,3.44185912950415E8,1.1956122245921925E8,0.0,-332.9227006945226,1025.7977884236714,0.0,1737400.0,7.35E22..
117890.80567601504..Earth,255646.310211378,30015.789038138904,0.0,4.288074301495394,0.7594288586315067,0.0,6371000.0,5.97E24..Moon,3.423352588848731E8,1.2511983459100379E8,0.0,-348.2966473459524,1020.3157784213613,0.0,1737400.0,7.35E22..
123603.38423513742..Earth,280707.60162613174,34564.43374281435,0.0,4.485769747291736,0.8336222319219262,0.0,6371000.0,5.97E24..Moon,3.402996682760829E8,1.3093138324657404E8,0.0,-364.35435906573696,1014.2894595296088,0.0,1737400.0,7.35E22..
129754.50881708632..Earth,308950.84918840154,39947.198077008296,0.0,4.6970693574501095,0.9171815003610738,0.0,6371000.0,5.97E24..Moon,3.380056249026577E8,1.371496877575062E8,0.0,-381.51706209492727,1007.5024005829189,0.0,1737400.0,7.35E22..
142185.79639954987..Earth,369970.4903608861,52454.06566538873,0.0,5.118829387837534,1.0975157497565866,0.0,6371000.0,5.97E24..Moon,3.3304933568089265E8,1.4958447698292047E8,0.0,-415.7743053794569,992.8548431830385,0.0,1737400.0,7.35E22..
149253.15629033535..Earth,406984.10637111403,60593.839477296526,0.0,5.35527946466419,1.2067735656126075,0.0,6371000.0,5.97E24..Moon,3.3004292360495985E8,1.5657021140982398E8,0.0,-434.9798422319077,983.9804328339168,0.0,1737400.0,7.35E22..
156317.20877205435..Earth,445641.38440348505,69518.41504540009,0.0,5.58907600860827,1.3207783337810217,0.0,6371000.0,5.97E24..Moon,3.269030059198815E8,1.6348862209787965E8,0.0,-453.9698472298146,974.7204537051354,0.0,1737400.0,7.35E22..
164087.81219636748..Earth,490061.33064139006,80286.44356914875,0.0,5.843196713221845,1.451645789537614,0.0,6371000.0,5.97E24..Moon,3.2329501844994557E8,1.710217873800371E8,0.0,-474.61067180863154,964.0908113804162,0.0,1737400.0,7.35E22..
171799.33206383677..Earth,536083.0707867863,91999.52219775807,0.0,6.0920863861915215,1.5870836110297593,0.0,6371000.0,5.97E24..Moon,3.195569260871154E8,1.7841426304109064E8,0.0,-494.8266085110665,953.089943430646,0.0,1737400.0,7.35E22..
180843.29305322524..Earth,592483.4992546327,107097.08781458685,0.0,6.3796195631420645,1.7528589039777116,0.0,6371000.0,5.97E24..Moon,3.1497583006054336E8,1.8697353676722166E8,0.0,-518.181344108274,939.6249298401797,0.0,1737400.0,7.35E22..
188984.09054893916..Earth,645457.8950864669,121995.70785232846,0.0,6.63425367515084,1.9083579069855943,0.0,6371000.0,5.97E24..Moon,3.106730117868556E8,1.9457174684635535E8,0.0,-538.8638699408235,926.9946026570905,0.0,1737400.0,7.35E22..
197792.25575204924..Earth,705090.0352619103,139569.7396778854,0.0,6.905124596960831,2.083161193627383,0.0,6371000.0,5.97E24..Moon,3.058294216256665E8,2.026747398274324E8,0.0,-560.8652223653901,912.7962948849615,0.0,1737400.0,7.35E22..
206160.471587007..Earth,763934.2106750392,157718.633524786,0.0,7.157844968063384,2.255407461611553,0.0,6371000.0,5.97E24..Moon,3.010498335002736E8,2.102550147177819E8,0.0,-581.3923055692301,898.8056796486962,0.0,1737400.0,7.35E22..
214532.7427466439..Earth,824903.8773791761,177343.47139418055,0.0,7.406033265941184,2.433616911924196,0.0,6371000.0,5.97E24..Moon,2.9609760342920285E8,2.1771979466923985E8,0.0,-601.5512734376717,884.3307079702407,0.0,1737400.0,7.35E22..
223375.16477138572..Earth,891531.0242021851,199717.57019918386,0.0,7.6629477255011516,2.628062600305785,0.0,6371000.0,5.97E24..Moon,2.906858474219462E8,2.2546997053993067E8,0.0,-622.4190193366243,868.53695613843,0.0,1737400.0,7.35E22..
231732.06838487007..Earth,956566.4216215365,222468.0231282108,0.0,7.900693332538629,2.8175613174445697,0.0,6371000.0,5.97E24..Moon,2.854033804478846E8,2.3266424631793448E8,0.0,-641.7297849694643,853.1450195218512,0.0,1737400.0,7.35E22..
240262.2304093175..Earth,1024977.2075488057,247347.12956873977,0.0,8.138157219350703,3.016574408342227,0.0,6371000.0,5.97E24..Moon,2.7984674926440436E8,2.398730889011763E8,0.0,-661.0176680207306,836.9802827509802,0.0,1737400.0,7.35E22..
249167.99020240342..Earth,1098536.4115477381,275158.89320532774,0.0,8.380317752974157,3.230198693683612,0.0,6371000.0,5.97E24..Moon,2.738719404497972E8,2.4725012468558875E8,0.0,-680.687033813003,819.6287591661086,0.0,1737400.0,7.35E22..
257621.10105794703..Earth,1170327.967613616,303340.15918153385,0.0,8.60459856531223,3.438324744123091,0.0,6371000.0,5.97E24..Moon,2.6804070793669122E8,2.5410738168056652E8,0.0,-698.904128366177,802.7238269059224,0.0,1737400.0,7.35E22..
266154.1978568333..Earth,1244697.8593407422,333594.3682887022,0.0,8.825376371837267,3.6535464847119403,0.0,6371000.0,5.97E24..Moon,2.620000514249777E8,2.6088280971805272E8,0.0,-716.8366930594352,785.2425508336036,0.0,1737400.0,7.35E22..
274436.34476142965..Earth,1318659.2451699271,364735.1657219324,0.0,9.034147862204398,3.867204544523352,0.0,6371000.0,5.97E24..Moon,2.5599257559640306E8,2.6731469728547382E8,0.0,-733.7940508484389,767.8882839346359,0.0,1737400.0,7.35E22..
282950.07204901945..Earth,1396466.7117056677,398611.2165729609,0.0,9.242989619554908,4.091563565128408,0.0,6371000.0,5.97E24..Moon,2.4967270382472453E8,2.737749852639707E8,0.0,-750.7571160373171,749.6648369548782,0.0,1737400.0,7.35E22..
291635.40360197955..Earth,1477648.2477399183,435159.0172369824,0.0,9.449910457757223,4.32520541773031,0.0,6371000.0,5.97E24..Moon,2.4307877497949356E8,2.802039375421754E8,0.0,-767.5641555484439,730.6873966823155,0.0,1737400.0,7.35E22..
300327.3517373109..Earth,1560663.554541649,473786.48668539803,0.0,9.650687977790959,4.563654878424776,0.0,6371000.0,5.97E24..Moon,2.3633589903927135E8,2.8647112892654896E8,0.0,-783.8722071756738,711.3194608952956,0.0,1737400.0,7.35E22..
308494.242045763..Earth,1640230.0669765617,511986.1663068874,0.0,9.83350685060839,4.79175341906683,0.0,6371000.0,5.97E24..Moon,2.29873149661905E8,2.922049547526712E8,0.0,-798.7215768453345,692.7922733084512,0.0,1737400.0,7.35E22..
317090.3030962466..Earth,1725564.5306166683,554222.8181303862,0.0,10.019746752258765,5.035904955920157,0.0,6371000.0,5.97E24..Moon,2.2294190139072898E8,2.980752423142429E8,0.0,-813.8488178365283,672.9611892946504,0.0,1737400.0,7.35E22..
325683.64281043236..Earth,1812444.609492809,598561.112923849,0.0,10.19950584707503,5.283967328889381,0.0,6371000.0,5.97E24..Moon,2.1588511131058532E8,3.0377188051197183E8,0.0,-828.4496585991556,652.8124496126603,0.0,1737400.0,7.35E22..
334319.0831979319..Earth,1901278.2756984136,645280.6535185453,0.0,10.373601066043083,5.53707583422878,0.0,6371000.0,5.97E24..Moon,2.086696420963342E8,3.093206561629424E8,0.0,-842.5904539357443,632.2538404034601,0.0,1737400.0,7.35E22..
350876.28018893604..Earth,2075679.3937264616,741042.3331449935,0.0,10.688801367256799,6.032429084350371,0.0,6371000.0,5.97E24..Moon,1.9450400026466826E8,3.1945734973755056E8,0.0,-868.1924375853482,592.019025393584,0.0,1737400.0,7.35E22..
360042.754671263..Earth,2174414.8498602556,797616.8385457583,0.0,10.852658501329074,6.311957343505205,0.0,6371000.0,5.97E24..Moon,1.8648426321543357E8,3.247802397907948E8,0.0,-881.5016496997902,569.3144851601913,0.0,1737400.0,7.35E22..
368243.2081273886..Earth,2263990.183424217,850413.3731388,0.0,10.992749184904199,6.56498516396913,0.0,6371000.0,5.97E24..Moon,1.792085524484016E8,3.2936475884501034E8,0.0,-892.8804439983411,548.7624295388358,0.0,1737400.0,7.35E22..
376839.429256478..Earth,2359093.835714705,907997.5681416153,0.0,11.132966690045219,6.833040313106944,0.0,6371000.0,5.97E24..Moon,1.714838068133783E8,3.339886232472727E8,0.0,-904.269539313877,526.989786812948,0.0,1737400.0,7.35E22..
385279.0935091381..Earth,2453609.8558529345,966785.9980941275,0.0,11.263985145733631,7.098840375505703,0.0,6371000.0,5.97E24..Moon,1.6380679130010986E8,3.3834527973985505E8,0.0,-914.9114465310174,505.40031235688554,0.0,1737400.0,7.35E22..
394216.01527081116..Earth,2554868.453188346,1031495.3278390788,0.0,11.395507681872385,7.382941992537642,0.0,6371000.0,5.97E24..Moon,1.5558211339409074E8,3.427590467924158E8,0.0,-925.5942974255529,482.3243034632709,0.0,1737400.0,7.35E22..
402502.32421915716..Earth,2649777.2380767995,1093771.9358956343,0.0,11.510795161158352,7.6486101275861955,0.0,6371000.0,5.97E24..Moon,1.478731957643755E8,3.466664473589121E8,0.0,-934.9584641104132,460.745544738919,0.0,1737400.0,7.35E22..
410910.6664246244..Earth,2747032.7765755313,1159224.6215721902,0.0,11.621206148047044,7.9202292850531775,0.0,6371000.0,5.97E24..Moon,1.3997366426998872E8,3.504479126253768E8,0.0,-943.926540188311,438.6834172548662,0.0,1737400.0,7.35E22..
419793.58833662246..Earth,2850754.560236834,1230861.4632458019,0.0,11.730635056599576,8.209220724537202,0.0,6371000.0,5.97E24..Moon,1.3154891531137678E8,3.5424056821862864E8,0.0,-952.8148474544146,415.21023502738836,0.0,1737400.0,7.35E22..
428249.90076428116..Earth,2950368.50630443,1301450.7420249213,0.0,11.827907734717158,8.486101756162508,0.0,6371000.0,5.97E24..Moon,1.2345782336547819E8,3.5765672011145955E8,0.0,-960.7157711055978,392.7207144994553,0.0,1737400.0,7.35E22..
436823.6041694942..Earth,3052175.7148623387,1375417.192631999,0.0,11.91964951943092,8.768408146697636,0.0,6371000.0,5.97E24..Moon,1.1518858479281537E8,3.609255799833252E8,0.0,-968.1674507619401,369.79052196211234,0.0,1737400.0,7.35E22..
445128.16207889636..Earth,3151509.168612395,1449375.1098778031,0.0,12.001901284556517,9.043203557522137,0.0,6371000.0,5.97E24..Moon,1.0712027569230059E8,3.6390391754663914E8,0.0,-974.8483084190806,347.4704049196324,0.0,1737400.0,7.35E22..
453852.28601398465..Earth,3256566.815003372,1529532.97592832,0.0,12.081302932058739,9.333136806210781,0.0,6371000.0,5.97E24..Moon,9.858702196503349E7,3.6683263787132186E8,0.0,-981.2976667264038,323.92072472002417,0.0,1737400.0,7.35E22..
462397.2819892321..Earth,3360108.9647949864,1610501.782522774,0.0,12.152120408629202,9.618188566123077,0.0,6371000.0,5.97E24..Moon,9.017686367583704E7,3.6950167351152074E8,0.0,-987.049780129474,300.76754095571926,0.0,1737400.0,7.35E22..
471066.0720862641..Earth,3465739.2105400176,1695136.599540548,0.0,12.216941459977324,9.908276344055285,0.0,6371000.0,5.97E24..Moon,8.15971008581794E7,3.7200688456526977E8,0.0,-992.3148369532603,277.20530919714406,0.0,1737400.0,7.35E22..
479305.37128405314..Earth,3566629.474240364,1777912.1234337145,0.0,12.272007984699032,10.18467743756141,0.0,6371000.0,5.97E24..Moon,7.34023406637431E7,3.741984066014652E8,0.0,-996.7875873286154,254.7547713980751,0.0,1737400.0,7.35E22..
488156.5976321116..Earth,3675487.6424432956,1869375.2547140976,0.0,12.324078102112162,10.482176634999554,0.0,6371000.0,5.97E24..Moon,6.456039149134173E7,3.763463873366782E8,0.0,-1001.0169560491105,230.5905508714667,0.0,1737400.0,7.35E22..
496828.3758631177..Earth,3782554.8090112275,1961539.6469501029,0.0,12.36799741172263,10.774043847541423,0.0,6371000.0,5.97E24..Moon,5.586391551296684E7,3.782432456459064E8,0.0,-1004.5842795644097,206.88378544459653,0.0,1737400.0,7.35E22..
505127.06422364217..Earth,3885344.6015659166,2052109.8202622256,0.0,12.40347661130103,11.053565416673726,0.0,6371000.0,5.97E24..Moon,4.751486705648392E7,3.798659103339888E8,0.0,-1007.4660594485329,184.17978860487065,0.0,1737400.0,7.35E22..
513455.36712623143..Earth,3988770.5234302054,2145335.6344705387,0.0,12.432669462248715,11.33414160450584,0.0,6371000.0,5.97E24..Moon,3.911414932138453E7,3.813049148797111E8,0.0,-1009.8372338724467,161.39013089932337,0.0,1737400.0,7.35E22..
521912.7467445952..Earth,4094020.6569925854,2242397.3583986773,0.0,12.455772123437292,11.618973725106615,0.0,6371000.0,5.97E24..Moon,3.056526092182794E7,3.8257201062200534E8,0.0,-1011.713735740417,138.25478722603586,0.0,1737400.0,7.35E22..
530722.566093298..Earth,4203834.260602124,2346064.465193713,0.0,12.472865291189512,11.91541344902632,0.0,6371000.0,5.97E24..Moon,2.1645706995991968E7,3.836839272992561E8,0.0,-1013.102119570087,114.17662189541494,0.0,1737400.0,7.35E22..
539400.5340303933..Earth,4312121.392244002,2450731.5624664067,0.0,12.482789649717763,12.206993014525203,0.0,6371000.0,5.97E24..Moon,1.2850139976916976E7,3.8457195703279895E8,0.0,-1013.9082205280959,90.49322045285257,0.0,1737400.0,7.35E22..
547928.2948757544..Earth,4418589.573140378,2556049.6662040954,0.0,12.485903238826875,12.492961567378746,0.0,6371000.0,5.97E24..Moon,4202316.304109296,3.852445850251123E8,0.0,-1014.1611202149177,67.26557064964646,0.0,1737400.0,7.35E22..
556824.9835478475..Earth,4529661.49312251,2668520.0411348655,0.0,12.482188281671748,12.790544690420724,0.0,6371000.0,5.97E24..Moon,-4819443.727092393,3.8573545334740955E8,0.0,-1013.8593747153787,43.09453330868577,0.0,1737400.0,7.35E22..
564838.1450352387..Earth,4629649.483879254,2772083.9817121844,0.0,12.472802032843484,13.05777843811917,0.0,6371000.0,5.97E24..Moon,-1.294091726202799E7,3.8599376584211934E8,0.0,-1013.0969814432056,21.388608495628286,0.0,1737400.0,7.35E22..
581973.2791525568..Earth,4843074.644227084,3000706.7025817786,0.0,12.433733013533967,13.62613016479793,0.0,6371000.0,5.97E24..Moon,-3.0276267020892527E7,3.8596421709867007E8,0.0,-1009.9236202829632,-24.77547052848327,0.0,1737400.0,7.35E22..
590580.6524245138..Earth,4949975.011571524,3119213.509360324,0.0,12.404453960754692,13.909756179771643,0.0,6371000.0,5.97E24..Moon,-3.895919481744094E7,3.856517400609967E8,0.0,-1007.5454441592589,-47.81284888757261,0.0,1737400.0,7.35E22..
598748.7700022768..Earth,5051162.388418496,3233924.7704455988,0.0,12.370774383729703,14.177582141856957,0.0,6371000.0,5.97E24..Moon,-4.7178087875623524E7,3.851722796246384E8,0.0,-1004.8098376988618,-69.56687601205323,0.0,1737400.0,7.35E22..
607552.9865997782..Earth,5159894.365344299,3360012.3798479997,0.0,12.328108786657989,14.464683491820713,0.0,6371000.0,5.97E24..Moon,-5.6009787225923456E7,3.8445704023983794E8,0.0,-1001.3443463448735,-92.88653668257868,0.0,1737400.0,7.35E22..
616128.0239933725..Earth,5265407.673179834,3485240.4128193613,0.0,12.280274927097487,14.742601358541798,0.0,6371000.0,5.97E24..Moon,-6.458005182154449E7,3.8356364761346173E8,0.0,-997.4590655071022,-115.46027361216879,0.0,1737400.0,7.35E22..
624631.0793739118..Earth,5369604.394943535,3611762.9069896857,0.0,12.226792992211896,15.016391915024354,0.0,6371000.0,5.97E24..Moon,-7.304337738520843E7,3.8248722849851376E8,0.0,-993.1150226327215,-137.69877187340492,0.0,1737400.0,7.35E22..
633018.4512820251..Earth,5471913.380444635,3738837.035577437,0.0,12.168204921583671,15.284586840812677,0.0,6371000.0,5.97E24..Moon,-8.135337253407326E7,3.8124083364229125E8,0.0,-988.3562364878167,-159.48276788641567,0.0,1737400.0,7.35E22..
641356.7857772417..Earth,5573113.35594934,3867389.883506888,0.0,12.104284497689243,15.549257414375184,0.0,6371000.0,5.97E24..Moon,-8.957328891180243E7,3.7982127208123374E8,0.0,-983.1643326694528,-180.98050018802329,0.0,1737400.0,7.35E22..
650218.9508300268..Earth,5680059.983395487,4006428.16540703,0.0,12.030223454503114,15.82829262181863,0.0,6371000.0,5.97E24..Moon,-9.825997416150987E7,3.781168211589071E8,0.0,-977.148762222906,-203.6449925477154,0.0,1737400.0,7.35E22..
658798.3637055118..Earth,5782943.363203814,4143376.0584306475,0.0,11.95259130344828,16.096084035705424,0.0,6371000.0,5.97E24..Moon,-1.0661662419492097E8,3.7627622315071255E8,0.0,-970.8431303617175,-225.3962135123978,0.0,1737400.0,7.35E22..
667145.289085904..Earth,5882376.235167737,4278808.145401508,0.0,11.871536082236814,16.3542977847062,0.0,6371000.0,5.97E24..Moon,-1.1469300848913348E8,3.743071942460924E8,0.0,-964.2594613735208,-246.36949353327728,0.0,1737400.0,7.35E22..
675561.3684239828..Earth,5981925.018014976,4417534.333573583,0.0,11.784366619066494,16.612227239853492,0.0,6371000.0,5.97E24..Moon,-1.2277880758570513E8,3.721454282342842E8,0.0,-957.1791662017276,-267.3196819309552,0.0,1737400.0,7.35E22..
684276.4745976134..Earth,6084213.10728258,4563465.894164215,0.0,11.688422615746214,16.876646252907495,0.0,6371000.0,5.97E24..Moon,-1.3108710544866559E8,3.697219565600564E8,0.0,-949.3861634830599,-288.7969813586068,0.0,1737400.0,7.35E22..
692708.615155803..Earth,6182361.034229712,4706841.298113922,0.0,11.590177154034672,17.1297854549807,0.0,6371000.0,5.97E24..Moon,-1.3905912073947346E8,3.6719993860891885E8,0.0,-941.4062259807755,-309.3580838943486,0.0,1737400.0,7.35E22..
701318.4429663817..Earth,6281699.207547751,4855428.383317865,0.0,11.484449394244313,17.38542073138303,0.0,6371000.0,5.97E24..Moon,-1.471278131844898E8,3.644468621140119E8,0.0,-932.8185426345382,-330.12192879396645,0.0,1737400.0,7.35E22..
709788.8423113469..Earth,6378517.95604252,5003744.765386119,0.0,11.375181538442071,17.634018965632126,0.0,6371000.0,5.97E24..Moon,-1.549918666336567E8,3.6156491174339396E8,0.0,-923.9433167959071,-350.3141935350157,0.0,1737400.0,7.35E22..
718479.1363010855..Earth,6476865.251365312,5158086.700804603,0.0,11.257751791229353,17.885984368770735,0.0,6371000.0,5.97E24..Moon,-1.6298007551905906E8,3.5843146488181007E8,0.0,-914.4051454916904,-370.7799548511721,0.0,1737400.0,7.35E22..
727126.3157863404..Earth,6573688.847578552,5313822.504669182,0.0,11.13564170670318,18.133498868662784,0.0,6371000.0,5.97E24..Moon,-1.708445227216854E8,3.5513815187299836E8,0.0,-904.4868161771155,-390.8841938219956,0.0,1737400.0,7.35E22..
735394.2156950245..Earth,6665257.838401327,5464716.182513621,0.0,11.014062811431922,18.367082879166375,0.0,6371000.0,5.97E24..Moon,-1.7828216728239247E8,3.5182775757785034E8,0.0,-894.6116324387561,-409.8569358996344,0.0,1737400.0,7.35E22..
743930.9943018431..Earth,6758729.362002604,5622529.894297525,0.0,10.88366825027475,18.605022454000558,0.0,6371000.0,5.97E24..Moon,-1.858743440973533E8,3.4824621380798036E8,0.0,-884.0204007366021,-429.18345646779875,0.0,1737400.0,7.35E22..
752382.9312476112..Earth,6850154.996164157,5780762.200044047,0.0,10.749790965842735,18.837269209548122,0.0,6371000.0,5.97E24..Moon,-1.9330034458639377E8,3.445388712798084E8,0.0,-873.1462866133487,-448.0475806939069,0.0,1737400.0,7.35E22..
761210.6260406235..Earth,6944415.408753937,5948109.297967342,0.0,10.604981156514235,19.076216672365653,0.0,6371000.0,5.97E24..Moon,-2.0095659850695142E8,3.404977543982005E8,0.0,-861.384183733197,-467.4559664492902,0.0,1737400.0,7.35E22..
778455.3072838138..Earth,7124759.342538607,6281023.528260526,0.0,10.307800665554744,19.531973334578936,0.0,6371000.0,5.97E24..Moon,-2.1560494251640016E8,3.321157110019677E8,0.0,-837.2458499777118,-504.47456880865485,0.0,1737400.0,7.35E22..
787005.2656958398..Earth,7212234.716980893,6448965.964853341,0.0,10.15363394758638,19.752372596863378,0.0,6371000.0,5.97E24..Moon,-2.2271008517518175E8,3.2772572727644503E8,0.0,-824.7237369672202,-522.3763864391054,0.0,1737400.0,7.35E22..
795348.5092682996..Earth,7296306.573334668,6614649.303877295,0.0,9.998954085315756,19.963789126757476,0.0,6371000.0,5.97E24..Moon,-2.2953877881371287E8,3.232955721419417E8,0.0,-812.1599440725859,-539.5485862141771,0.0,1737400.0,7.35E22..
803883.2602127787..Earth,7380954.845474117,6785944.696780013,0.0,9.8364822311212,20.176252928830916,0.0,6371000.0,5.97E24..Moon,-2.3641429153034568E8,3.186167917709535E8,0.0,-798.9632506094363,-556.8058501376934,0.0,1737400.0,7.35E22..
812655.4077295937..Earth,7466493.51179485,6963876.707501764,0.0,9.66511957014481,20.390542738802505,0.0,6371000.0,5.97E24..Moon,-2.433621260600705E8,3.136558185949112E8,0.0,-785.044405901558,-574.2114306211,0.0,1737400.0,7.35E22..
820893.8531748187..Earth,7545442.482303378,7132678.860305363,0.0,9.500238487586902,20.587960473288746,0.0,6371000.0,5.97E24..Moon,-2.4977471590953875E8,3.088589478287197E8,0.0,-771.6520240937932,-590.2465853814109,0.0,1737400.0,7.35E22..
829431.3254555956..Earth,7625807.134341708,7309307.217836894,0.0,9.32543531461652,20.78856063145009,0.0,6371000.0,5.97E24..Moon,-2.5630229376897866E8,3.0374994461253065E8,0.0,-757.4537255545663,-606.5402308810465,0.0,1737400.0,7.35E22..
837966.0764000748..Earth,7704637.745795219,7487573.5573197855,0.0,9.146776678819991,20.984982059000625,0.0,6371000.0,5.97E24..Moon,-2.6270526996459037E8,2.985049526621732E8,0.0,-742.9422690143584,-622.4944611188247,0.0,1737400.0,7.35E22..
846505.2028264445..Earth,7781966.4265292445,7667591.190693479,0.0,8.9642089228958,21.177325653522647,0.0,6371000.0,5.97E24..Moon,-2.6898625260380304E8,2.9312244703045833E8,0.0,-728.1132961862303,-638.1174714493889,0.0,1737400.0,7.35E22..
854856.8772054742..Earth,7856074.351510534,7845228.603088121,0.0,8.782047718689546,21.36134710582181,0.0,6371000.0,5.97E24..Moon,-2.750056310002425E8,2.8773045051814646E8,0.0,-713.3173453139673,-653.0645200238922,0.0,1737400.0,7.35E22..
863411.477897067..Earth,7930390.34852763,8028757.511251935,0.0,8.59186344951166,21.545580341279994,0.0,6371000.0,5.97E24..Moon,-2.810419099416311E8,2.820794865380421E8,0.0,-697.8697250827839,-668.0287705774346,0.0,1737400.0,7.35E22..
872251.4987427224..Earth,8005460.234630289,8220045.553418776,0.0,8.39161193792612,21.73137329673336,0.0,6371000.0,5.97E24..Moon,-2.8713942313935727E8,2.761071154639796E8,0.0,-681.604398223387,-683.1197085918099,0.0,1737400.0,7.35E22..
880541.756296677..Earth,8074238.759819607,8400911.584727539,0.0,8.200471390482578,21.90132342004581,0.0,6371000.0,5.97E24..Moon,-2.9272592375677544E8,2.7038642302289176E8,0.0,-666.0791047779727,-696.9238206486172,0.0,1737400.0,7.35E22..
889435.1366775845..Earth,8146243.999725053,8596481.918984616,0.0,7.991931401060064,22.078968517154497,0.0,6371000.0,5.97E24..Moon,-2.98574512630728E8,2.6412395997578532E8,0.0,-649.1405505350829,-711.3529530260167,0.0,1737400.0,7.35E22..
897840.7575467539..Earth,8212581.358493207,8782759.215093229,0.0,7.791601190820075,22.24237906342254,0.0,6371000.0,5.97E24..Moon,-3.039627307510801E8,2.5808856341924134E8,0.0,-632.8688314176308,-724.6258912739108,0.0,1737400.0,7.35E22..
906122.5842941387..Earth,8276282.402075921,8967618.55498635,0.0,7.5912456292501105,22.399069235631114,0.0,6371000.0,5.97E24..Moon,-3.0913681551555365E8,2.5203439439308274E8,0.0,-616.5950531513356,-737.3529705675868,0.0,1737400.0,7.35E22..
914648.7443534422..Earth,8340116.61586307,9159268.309023129,0.0,7.381987505910123,22.55586507578225,0.0,6371000.0,5.97E24..Moon,-3.143217169619383E8,2.4569304608609864E8,0.0,-599.5981688473938,-750.0886326859853,0.0,1737400.0,7.35E22..
923551.516012554..Earth,8404852.511383465,9360788.594834477,0.0,7.160350889353251,22.714649336758,0.0,6371000.0,5.97E24..Moon,-3.195798570470642E8,2.3895746262270322E8,0.0,-581.5958477474683,-762.9858032713624,0.0,1737400.0,7.35E22..
931689.8589696464..Earth,8462292.161762351,9546223.620772883,0.0,6.955034919988559,22.855346880630822,0.0,6371000.0,5.97E24..Moon,-3.2424536334314525E8,2.3270128433013713E8,0.0,-564.9191628888667,-774.4138894879712,0.0,1737400.0,7.35E22..
940293.0701978537..Earth,8521184.435123166,9743476.181008892,0.0,6.735272881676358,22.999417018061312,0.0,6371000.0,5.97E24..Moon,-3.2902885819979924E8,2.2598822031294897E8,0.0,-547.0691034504472,-786.1159128955907,0.0,1737400.0,7.35E22..
949067.8856914314..Earth,8579291.62420736,9945918.374028629,0.0,6.508350735148672,23.14138277163859,0.0,6371000.0,5.97E24..Moon,-3.3374858498663783E8,2.1903930683580503E8,0.0,-528.6374678753413,-797.6470087983981,0.0,1737400.0,7.35E22..
957658.877586066..Earth,8634241.070269816,1.0145305249673791E7,0.0,6.283566643333046,23.275465980703153,0.0,6371000.0,5.97E24..Moon,-3.38211825707629E8,2.1213966281951916E8,0.0,-510.37949470337816,-808.5378490448668,0.0,1737400.0,7.35E22..
966142.8836125205..Earth,8686600.548172804,1.0343319159068722E7,0.0,6.059139321557041,23.403078016818995,0.0,6371000.0,5.97E24..Moon,-3.4246469758627987E8,2.052357785770444E8,0.0,-492.15049999585773,-818.9030715701944,0.0,1737400.0,7.35E22..
974548.8779984367..Earth,8736590.95008489,1.0540560122797308E7,0.0,5.834475814537387,23.52477849517826,0.0,6371000.0,5.97E24..Moon,-3.4652514247628194E8,1.9831026785689595E8,0.0,-473.90232126242466,-828.7881308328448,0.0,1737400.0,7.35E22..
983165.2690318512..Earth,8785862.759097822,1.0743778612763628E7,0.0,5.601910413158033,23.644598286863342,0.0,6371000.0,5.97E24..Moon,-3.505272200246794E8,1.9112688479043928E8,0.0,-455.0123151912037,-838.5204322799186,0.0,1737400.0,7.35E22..
991653.4904615906..Earth,8832432.980702614,1.094496279183246E7,0.0,5.370644898622754,23.757728702943066,0.0,6371000.0,5.97E24..Moon,-3.5430986251421154E8,1.8397005807754076E8,0.0,-436.2278917656851,-847.7093926063942,0.0,1737400.0,7.35E22..
1008846.9999104743..Earth,8920704.489226969,1.1355311169357333E7,0.0,4.896024539038363,23.9718433625105,0.0,6371000.0,5.97E24..Moon,-3.6147967075761825E8,1.692430976981922E8,0.0,-397.6770952116876,-865.1007465875861,0.0,1737400.0,7.35E22..
1017172.4213981599..Earth,8960498.900000736,1.1555291428828958E7,0.0,4.663420272601926,24.068234117495475,0.0,6371000.0,5.97E24..Moon,-3.6471195146944666E8,1.6200790920303E8,0.0,-378.78393234603413,-872.9300364822839,0.0,1737400.0,7.35E22..
1025827.8182518437..Earth,8999809.62621666,1.1764027007928535E7,0.0,4.419800651049013,24.16337042276674,0.0,6371000.0,5.97E24..Moon,-3.679049451498421E8,1.5441860768409708E8,0.0,-358.99605288112406,-880.6574343390112,0.0,1737400.0,7.35E22..
1034161.9373437754..Earth,9035661.535065804,1.1965772026728017E7,0.0,4.1835860983197195,24.250064294952786,0.0,6371000.0,5.97E24..Moon,-3.708169981543236E8,1.470494883207113E8,0.0,-339.80964635331617,-887.6990998757555,0.0,1737400.0,7.35E22..
1043091.548849119..Earth,9071883.077156164,1.2182710574191201E7,0.0,3.9288134181936645,24.337582592190422,0.0,6371000.0,5.97E24..Moon,-3.737590744302344E8,1.3909060513472825E8,0.0,-319.11586539613864,-894.80772891669,0.0,1737400.0,7.35E22..
1051162.3386345825..Earth,9102657.672012543,1.2379436997793972E7,0.0,3.697138271168067,24.411885265108765,0.0,6371000.0,5.97E24..Moon,-3.7625872519611996E8,1.3184419629608877E8,0.0,-300.2981697805901,-900.8429256149554,0.0,1737400.0,7.35E22..
1061130.54013407..Earth,9138078.296845838,1.262321132584372E7,0.0,3.409279827239628,24.497343207144297,0.0,6371000.0,5.97E24..Moon,-3.79135747376457E8,1.2282934489735079E8,0.0,-276.9170145390557,-907.7842033558006,0.0,1737400.0,7.35E22..
1068240.5381277867..Earth,9161585.025625918,1.2797590987517536E7,0.0,3.2028785117190464,24.554020264076907,0.0,6371000.0,5.97E24..Moon,-3.8104506942838997E8,1.1635846367631179E8,0.0,-260.15217299269005,-912.3877683882861,0.0,1737400.0,7.35E22..
1076790.4965398125..Earth,9187904.550221099,1.3007801662876204E7,0.0,2.9535716056519083,24.617444539854336,0.0,6371000.0,5.97E24..Moon,-3.831828593853047E8,1.0853526382246067E8,0.0,-239.90234674478782,-917.5393728289835,0.0,1737400.0,7.35E22..
1086449.5328920502..Earth,9215067.627491908,1.3245903724892875E7,0.0,2.6705894906249976,24.682863172446552,0.0,6371000.0,5.97E24..Moon,-3.8538916647791326E8,9.964662264892167E7,0.0,-216.91726883035713,-922.8529678844328,0.0,1737400.0,7.35E22..
1093847.1921403103..Earth,9234019.297320474,1.3428670274969794E7,0.0,2.4529838481074715,24.728482635655453,0.0,6371000.0,5.97E24..Moon,-3.869285061905193E8,9.280577017378107E7,0.0,-199.24236154015807,-926.5583855083395,0.0,1737400.0,7.35E22..
1102455.0456480845..Earth,9254041.363067323,1.3641740564309921E7,0.0,2.1989145832241688,24.776658094037725,0.0,6371000.0,5.97E24..Moon,-3.885547882654674E8,8.481294212687227E7,0.0,-178.60571512718775,-930.471412536124,0.0,1737400.0,7.35E22..
1111085.1500820587..Earth,9271916.01305604,1.385575504501698E7,0.0,1.9433482330763303,24.81964873996922,0.0,6371000.0,5.97E24..Moon,-3.900066475910815E8,7.676749812006329E7,0.0,-157.84746872742454,-933.9633058179069,0.0,1737400.0,7.35E22..
1119595.5157189276..Earth,9287379.605486145,1.406714120708746E7,0.0,1.6905999250361181,24.856826910796165,0.0,6371000.0,5.97E24..Moon,-3.912626699966288E8,6.880598057506338E7,0.0,-137.31811636007671,-936.983083774871,0.0,1737400.0,7.35E22..
1128246.216933509..Earth,9300890.879586168,1.4282314518556252E7,0.0,1.4330410527880895,24.889300922037293,0.0,6371000.0,5.97E24..Moon,-3.92360116341896E8,6.0688696847489804E7,0.0,-116.39802836931847,-939.6207687695586,0.0,1737400.0,7.35E22..
1136684.4938382527..Earth,9311921.383553589,1.4492452751427542E7,0.0,1.1812767846193206,24.915805331055335,0.0,6371000.0,5.97E24..Moon,-3.932560633988417E8,5.275054170683585E7,0.0,-95.94860413846745,-941.7735758693913,0.0,1737400.0,7.35E22..
1145082.217496205..Earth,9320787.848162364,1.4701781780953115E7,0.0,0.9302949742237764,24.93710527801649,0.0,6371000.0,5.97E24..Moon,-3.93976237462983E8,4.483423508205065E7,0.0,-75.56273464103344,-943.5036531939912,0.0,1737400.0,7.35E22..
1153836.0626924285..Earth,9327785.064328015,1.4920154921028849E7,0.0,0.6683139940909829,24.95391179841548,0.0,6371000.0,5.97E24..Moon,-3.945445827760297E8,3.656864869658047E7,0.0,-54.28346319351266,-944.8687542386441,0.0,1737400.0,7.35E22..
1162374.1752876285..Earth,9332399.418575257,1.5133265270571914E7,0.0,0.41253635496968,24.964993544022345,0.0,6371000.0,5.97E24..Moon,-3.9491938134549963E8,2.8497107112721503E7,0.0,-33.5080549546803,-945.7688633716099,0.0,1737400.0,7.35E22..
1170909.619906066..Earth,9334828.772704393,1.5346381217777599E7,0.0,0.15668502318714872,24.97082738451475,0.0,6371000.0,5.97E24..Moon,-3.9511670439517236E8,2.04222241107151E7,0.0,-12.726661067037963,-946.2427140891562,0.0,1737400.0,7.35E22..
1179470.8905395654..Earth,9335071.432728622,1.5560169487998405E7,0.0,-0.09999893861857034,24.971410090412043,0.0,6371000.0,5.97E24..Moon,-3.951364143318342E8,1.2320675763124373E7,0.0,8.122362769426566,-946.2900440783649,0.0,1737400.0,7.35E22..
1187758.586835828..Earth,9333213.091065366,1.5767109873652382E7,0.0,-0.3484459001348949,24.96694752889434,0.0,6371000.0,5.97E24..Moon,-3.949854714783697E8,4479335.912765677,0.0,28.302340459936193,-945.9275747959066,0.0,1737400.0,7.35E22..
1196306.4108664438..Earth,9329139.893041385,1.5980484886304474E7,0.0,-0.6045618519228713,24.95716564678643,0.0,6371000.0,5.97E24..Moon,-3.946546280470342E8,-3603195.023971768,0.0,49.105227972510605,-945.1330464124475,0.0,1737400.0,7.35E22..
1205181.0086909425..Earth,9322595.587167123,1.6201904137539618E7,0.0,-0.8702286512376913,24.94144751099259,0.0,6371000.0,5.97E24..Moon,-3.941230701413289E8,-1.1985545890432924E7,0.0,70.6838782025715,-943.8563488520498,0.0,1737400.0,7.35E22..
1213956.9980942956..Earth,9313806.900309894,1.6420701424162306E7,0.0,-1.132599276828865,24.920335265143727,0.0,6371000.0,5.97E24..Moon,-3.934092135353744E8,-2.026162333066389E7,0.0,91.99479840365052,-942.14151745453,0.0,1737400.0,7.35E22..
1230930.8796960823..Earth,9290284.160316067,1.684324574411646E7,0.0,-1.6386994489217372,24.863808749514323,0.0,6371000.0,5.97E24..Moon,-3.914985909807737E8,-3.621683024196995E7,0.0,133.10252666752055,-937.5501800625906,0.0,1737400.0,7.35E22..
1239347.1191127668..Earth,9275439.60946586,1.705235889178368E7,0.0,-1.8887908742616646,24.828121419335726,0.0,6371000.0,5.97E24..Moon,-3.902928499117161E8,-4.409556792200598E7,0.0,153.41607509309017,-934.6514948766556,0.0,1737400.0,7.35E22..
1247553.6555559111..Earth,9258940.789010659,1.725595225792771E7,0.0,-2.131990670544144,24.788443472943744,0.0,6371000.0,5.97E24..Moon,-3.889527416380079E8,-5.1752862781406105E7,0.0,173.1698544646058,-931.4286739248171,0.0,1737400.0,7.35E22..
1256132.1079597615..Earth,9239563.97184934,1.7468402540226273E7,0.0,-2.3854223808369115,24.74182590165533,0.0,6371000.0,5.97E24..Moon,-3.8737886955021083E8,-5.9727143067139596E7,0.0,193.75471583124283,-927.6421854813906,0.0,1737400.0,7.35E22..
1264867.7575544643..Earth,9217601.864623317,1.7684311526948877E7,0.0,-2.6425696709728825,24.688964558890063,0.0,6371000.0,5.97E24..Moon,-3.8559500859593403E8,-6.781226749456848E7,0.0,214.64137327494007,-923.3485498853548,0.0,1737400.0,7.35E22..
1273583.290604377..Earth,9193456.17692471,1.789923954199884E7,0.0,-2.8980896535666187,24.630818066842945,0.0,6371000.0,5.97E24..Moon,-3.836337874318429E8,-7.58394790998456E7,0.0,235.39585349377822,-918.625630735405,0.0,1737400.0,7.35E22..
1281811.6510974392..Earth,9168620.715381077,1.81016678884328E7,0.0,-3.138286102868517,24.57097832841866,0.0,6371000.0,5.97E24..Moon,-3.8161653973911524E8,-8.337853220568183E7,0.0,254.90568753911606,-913.7651785123713,0.0,1737400.0,7.35E22..
1290942.0545339359..Earth,9138754.953864647,1.8325686602305193E7,0.0,-3.4035251568091103,24.498975111029225,0.0,6371000.0,5.97E24..Moon,-3.791907084975767E8,-9.169524142641541E7,0.0,276.4495943693928,-907.9167539162497,0.0,1737400.0,7.35E22..
1299156.7549859737..Earth,9109820.146534126,1.852665488605676E7,0.0,-3.6409103312730657,24.429171258180947,0.0,6371000.0,5.97E24..Moon,-3.768404935348119E8,-9.913048185019279E7,0.0,295.73108405034264,-902.246971582859,0.0,1737400.0,7.35E22..
1307382.340783203..Earth,9078898.265905252,1.8727295376637284E7,0.0,-3.8773322677881725,24.35452460821998,0.0,6371000.0,5.97E24..Moon,-3.743288795572012E8,-1.0652731949739671E8,0.0,314.9343352203452,-896.1838355248049,0.0,1737400.0,7.35E22..
1316113.188019733..Earth,9043955.761622962,1.8939566384067677E7,0.0,-4.126781748450919,24.27011092486489,0.0,6371000.0,5.97E24..Moon,-3.714906924746804E8,-1.1432214706447057E8,0.0,335.1957420170336,-889.3273771624936,0.0,1737400.0,7.35E22..
1324402.9119783351..Earth,9008769.419186173,1.9140409611160394E7,0.0,-4.362111416270858,24.185042610491667,0.0,6371000.0,5.97E24..Moon,-3.6863269976246786E8,-1.2166605439083487E8,0.0,354.3102742195511,-882.4177467297297,0.0,1737400.0,7.35E22..
1333222.2293243129..Earth,8969200.807671614,1.9353286948917735E7,0.0,-4.610752938896781,24.089300801466905,0.0,6371000.0,5.97E24..Moon,-3.6541875948026484E8,-1.2941440617094028E8,0.0,374.50605503692196,-874.6411671395553,0.0,1737400.0,7.35E22..
1341517.9295508633..Earth,8929987.215394767,1.9552733947066274E7,0.0,-4.842918454232902,23.99433571778648,0.0,6371000.0,5.97E24..Moon,-3.6223365545451283E8,-1.366384391917553E8,0.0,393.3635805683048,-866.9276766691861,0.0,1737400.0,7.35E22..
1350306.511804536..Earth,8886350.938075323,1.976314922862772E7,0.0,-5.0869650338359165,23.888563612351817,0.0,6371000.0,5.97E24..Moon,-3.586893210926478E8,-1.4422006708337432E8,0.0,413.18613948299867,-858.3363913706154,0.0,1737400.0,7.35E22..
1358859.8318672827..Earth,8841831.802167239,1.9967017366650928E7,0.0,-5.322490595640371,23.780546671496673,0.0,6371000.0,5.97E24..Moon,-3.550732769923585E8,-1.515244602720614E8,0.0,432.3165830744625,-849.5627704603404,0.0,1737400.0,7.35E22..
1367802.2496610868..Earth,8793143.01150276,2.017914825090324E7,0.0,-5.566526911013863,23.662291478362004,0.0,6371000.0,5.97E24..Moon,-3.511185548118559E8,-1.5907898706251666E8,0.0,452.13830828235024,-839.957552732259,0.0,1737400.0,7.35E22..
1375903.7745388553..Earth,8747156.990086753,2.037039897840889E7,0.0,-5.785579098066689,23.550484115545142,0.0,6371000.0,5.97E24..Moon,-3.4738336368459654E8,-1.6584737990951574E8,0.0,469.9307104143962,-830.8760567320323,0.0,1737400.0,7.35E22..
1384201.3423491395..Earth,8698227.163337627,2.0565319833757117E7,0.0,-6.007835762007732,23.431394751287577,0.0,6371000.0,5.97E24..Moon,-3.4340906347109616E8,-1.72701758565032E8,0.0,487.9833945467502,-821.2030838800914,0.0,1737400.0,7.35E22..
1401126.5066952412..Earth,8592752.298103003,2.095975069927218E7,0.0,-6.454243295969031,23.174243494409193,0.0,6371000.0,5.97E24..Moon,-3.348419213561206E8,-1.8642617655377355E8,0.0,524.2426187338109,-800.3161042397655,0.0,1737400.0,7.35E22..
1409956.0690719872..Earth,8534751.218162287,2.116374747842024E7,0.0,-6.683225052210612,23.032579316000405,0.0,6371000.0,5.97E24..Moon,-3.301308132303236E8,-1.9344212436844575E8,0.0,542.8415450571067,-788.8095036261536,0.0,1737400.0,7.35E22..
1418523.796209252..Earth,8476548.92867693,2.13604779894836E7,0.0,-6.9027262821389845,22.89024092452437,0.0,6371000.0,5.97E24..Moon,-3.2540336196192104E8,-2.00151178994337E8,0.0,560.6704204676153,-777.2481404001411,0.0,1737400.0,7.35E22..
1435863.297346585..Earth,8353064.693378743,2.1754787837069355E7,0.0,-7.338442506118414,22.58764235493919,0.0,6371000.0,5.97E24..Moon,-3.1537341795198673E8,-2.1341745495540193E8,0.0,596.0612484561485,-752.6697259726103,0.0,1737400.0,7.35E22..
1444192.827518485..Earth,8291082.89809629,2.1942301469235513E7,0.0,-7.5435085360345555,22.435443426776967,0.0,6371000.0,5.97E24..Moon,-3.1033897825353444E8,-2.1963560241188163E8,0.0,612.7176321105617,-740.307445685148,0.0,1737400.0,7.35E22..
1452582.6006056846..Earth,8226938.248860493,2.2129871181939356E7,0.0,-7.747149792270334,22.277713105095426,0.0,6371000.0,5.97E24..Moon,-3.0512886184621865E8,-2.2579312214706835E8,0.0,629.2582892497127,-727.4958807812187,0.0,1737400.0,7.35E22..
1461041.6877291764..Earth,8160546.709694512,2.2317631941501804E7,0.0,-7.9494254268484115,22.114221113520657,0.0,6371000.0,5.97E24..Moon,-2.997362429506961E8,-2.318911617786042E8,0.0,645.6880244664626,-714.2163271798395,0.0,1737400.0,7.35E22..
1469580.974234152..Earth,8091803.796720345,2.2505750947183065E7,0.0,-8.150418679435562,21.944684576296016,0.0,6371000.0,5.97E24..Moon,-2.9415263491728413E8,-2.379315240375966E8,0.0,662.013598860276,-700.4458084420014,0.0,1737400.0,7.35E22..
1478481.3447141773..Earth,8018342.756036622,2.270026282168134E7,0.0,-8.35638438931836,21.763225495624713,0.0,6371000.0,5.97E24..Moon,-2.881857993678716E8,-2.4410045094357905E8,0.0,678.7430585609603,-685.7068871956386,0.0,1737400.0,7.35E22..
1486814.3432558689..Earth,7947917.272283298,2.2880892681806196E7,0.0,-8.545861583644895,21.588986091233227,0.0,6371000.0,5.97E24..Moon,-2.8246552538137704E8,-2.497557147520185E8,0.0,694.1332469980952,-671.5543804715956,0.0,1737400.0,7.35E22..
1495606.447238868..Earth,7871915.490647215,2.3069880696415886E7,0.0,-8.742154733818076,21.400643699617266,0.0,6371000.0,5.97E24..Moon,-2.7629231944440544E8,-2.5559311330662912E8,0.0,710.0770579713454,-656.2563658056459,0.0,1737400.0,7.35E22..
1503775.3118501245..Earth,7799768.811859796,2.3243970866129283E7,0.0,-8.921108457603415,21.221559484674177,0.0,6371000.0,5.97E24..Moon,-2.704322422694273E8,-2.608947870107052E8,0.0,724.6124828828894,-641.7103418163908,0.0,1737400.0,7.35E22..
1512361.0211507692..Earth,7722380.306405038,2.342535004690476E7,0.0,-9.105542992676579,21.02914338508924,0.0,6371000.0,5.97E24..Moon,-2.6414640039779592E8,-2.6633748096549755E8,0.0,739.5930838949546,-626.081442299084,0.0,1737400.0,7.35E22..
1520812.2110630437..Earth,7644673.683735068,2.3602256374648646E7,0.0,-9.283339925245734,20.83560170315869,0.0,6371000.0,5.97E24..Moon,-2.578347196176637E8,-2.7156241969308287E8,0.0,754.0345490301636,-610.361117930031,0.0,1737400.0,7.35E22..
1529826.2373531559..Earth,7560154.358641699,2.3789121976912625E7,0.0,-9.46877429601298,20.624710098444368,0.0,6371000.0,5.97E24..Moon,-2.5096968055905947E8,-2.7698730645148027E8,0.0,769.0963611863602,-593.2315549348675,0.0,1737400.0,7.35E22..
1538214.676451974..Earth,7480016.376027002,2.396129360508178E7,0.0,-9.637344619265695,20.42438241635773,0.0,6371000.0,5.97E24..Moon,-2.444605138079065E8,-2.818955680019312E8,0.0,782.7883996872952,-576.9600411653815,0.0,1737400.0,7.35E22..
1546597.8863163376..Earth,7398532.086198675,2.413166281570961E7,0.0,-9.80186972487932,20.22032060787808,0.0,6371000.0,5.97E24..Moon,-2.3784199394021797E8,-2.866630871388686E8,0.0,796.1518674493814,-560.3852248847895,0.0,1737400.0,7.35E22..
1555160.7577358945..Earth,7313895.213864707,2.4303900451605774E7,0.0,-9.965760704300111,20.00796910347329,0.0,6371000.0,5.97E24..Moon,-2.3096740716696918E8,-2.913879743622292E8,0.0,809.4638286349885,-543.1370822821148,0.0,1737400.0,7.35E22..
1563872.7156969453..Earth,7226363.544288721,2.4477253447948646E7,0.0,-10.12809258789973,19.787930418433273,0.0,6371000.0,5.97E24..Moon,-2.238576919646748E8,-2.960421445309156E8,0.0,822.6491530579779,-525.2645523543746,0.0,1737400.0,7.35E22..
1572350.211860099..Earth,7139848.548241893,2.464408451068725E7,0.0,-10.281688365388204,19.57002237100209,0.0,6371000.0,5.97E24..Moon,-2.168305555510753E8,-3.0042026163543713E8,0.0,835.1248917192866,-507.5650823793518,0.0,1737400.0,7.35E22..
1580761.4354804698..Earth,7052741.275158601,2.4807770337948956E7,0.0,-10.429734730954864,19.35019432211413,0.0,6371000.0,5.97E24..Moon,-2.097553117373712E8,-3.046146154843508E8,0.0,847.1498822285786,-489.7096612655951,0.0,1737400.0,7.35E22..
1589141.2836941124..Earth,6964739.016781359,2.4968992094382178E7,0.0,-10.572832708281675,19.127670041226047,0.0,6371000.0,5.97E24..Moon,-2.0260737319979113E8,-3.086427746274798E8,0.0,858.7729424277767,-471.63524008325675,0.0,1737400.0,7.35E22..
1597802.4967371386..Earth,6872541.839973373,2.513365188707908E7,0.0,-10.716030848580413,18.89406519385442,0.0,6371000.0,5.97E24..Moon,-1.951187045529384E8,-3.1264574976663274E8,0.0,870.404138313266,-452.6608055416429,0.0,1737400.0,7.35E22..
1606218.1491989354..Earth,6781790.373411551,2.529169056781301E7,0.0,-10.850498247483301,18.66364907673999,0.0,6371000.0,5.97E24..Moon,-1.8774746298322308E8,-3.1637662501360214E8,0.0,881.3261841833373,-433.94537398826685,0.0,1737400.0,7.35E22..
1614984.0536501259..Earth,6686080.166609487,2.5454229590518437E7,0.0,-10.985571974464213,18.42013134897273,0.0,6371000.0,5.97E24..Moon,-1.7997345026746356E8,-3.2009406558858943E8,0.0,892.297478742195,-414.16577079411,0.0,1737400.0,7.35E22..
1623355.737854875..Earth,6593589.394983456,2.5607452171587687E7,0.0,-11.109728955740767,18.184304456945245,0.0,6371000.0,5.97E24..Moon,-1.7246093453130835E8,-3.2348132925161433E8,0.0,902.3820662009845,-395.01085180902044,0.0,1737400.0,7.35E22..
1632046.0318446134..Earth,6496500.923289142,2.576440356121234E7,0.0,-11.23351498913882,17.936223770147173,0.0,6371000.0,5.97E24..Moon,-1.6457497295287228E8,-3.2682672769974005E8,0.0,912.4365236076019,-374.860624595626,0.0,1737400.0,7.35E22..
1648656.1614945875..Earth,6308041.401762362,2.605833022106378E7,0.0,-11.455334162614054,17.45311273335022,0.0,6371000.0,5.97E24..Moon,-1.492674444696767E8,-3.327286104023198E8,0.0,930.4536728000802,-335.62017711701657,0.0,1737400.0,7.35E22..
1657316.9476613319..Earth,6208358.483266701,2.6208379865975656E7,0.0,-11.563124265792007,17.196742561491483,0.0,6371000.0,5.97E24..Moon,-1.4117075027349856E8,-3.355453456219282E8,0.0,939.2088689357588,-314.7966407088988,0.0,1737400.0,7.35E22..
1666533.9536235423..Earth,6101275.515898007,2.636561267026766E7,0.0,-11.671781540903925,16.9206934776001,0.0,6371000.0,5.97E24..Moon,-1.3247299088314341E8,-3.383436994786159E8,0.0,948.0345006693391,-292.37469471119056,0.0,1737400.0,7.35E22..
1674889.5766081805..Earth,6003358.230102414,2.6505940370100394E7,0.0,-11.764801649473336,16.66768395180028,0.0,6371000.0,5.97E24..Moon,-1.2451970930219531E8,-3.407009612323859E8,0.0,955.5900115286504,-271.82412506459315,0.0,1737400.0,7.35E22..
1683284.205413088..Earth,5904223.441714636,2.664478355762456E7,0.0,-11.852924782051465,16.41095366657019,0.0,6371000.0,5.97E24..Moon,-1.164675366943717E8,-3.4289543993376523E8,0.0,962.747768011527,-250.9713386316185,0.0,1737400.0,7.35E22..
1691884.802024068..Earth,5801913.034614435,2.6784787349364705E7,0.0,-11.937587517410075,16.145390900154705,0.0,6371000.0,5.97E24..Moon,-1.0815742607684521E8,-3.449613309542721E8,0.0,969.6244554957569,-229.40113842072805,0.0,1737400.0,7.35E22..
1700164.2275923665..Earth,5702758.12807391,2.6917395547434583E7,0.0,-12.01363731956142,15.887426866998634,0.0,6371000.0,5.97E24..Moon,-1.0010361938232909E8,-3.4677402572035503E8,0.0,975.8015618745804,-208.44814144192878,0.0,1737400.0,7.35E22..
1708662.2671765923..Earth,5600353.975052963,2.7051274488519836E7,0.0,-12.08605807107399,15.620395839523491,0.0,6371000.0,5.97E24..Moon,-9.178589430021952E7,-3.484533955742902E8,0.0,981.683900466826,-186.75868247558037,0.0,1737400.0,7.35E22..
1717378.7073386041..Earth,5494704.5830048015,2.718622682966972E7,0.0,-12.15432907976745,15.344246651786094,0.0,6371000.0,5.97E24..Moon,-8.320457633385865E7,-3.4998364237565726E8,0.0,987.229178315805,-164.32860559405296,0.0,1737400.0,7.35E22..
1725739.9864339791..Earth,5392825.301009604,2.7313409774442855E7,0.0,-12.214024997213667,15.077318823808996,0.0,6371000.0,5.97E24..Moon,-7.492948363302423E7,-3.512671081944017E8,0.0,992.0779487532732,-142.6475289542805,0.0,1737400.0,7.35E22..
1734254.4607550625..Earth,5288591.376521388,2.744062116594346E7,0.0,-12.268913254448488,14.803576169585044,0.0,6371000.0,5.97E24..Moon,-6.646313629704261E7,-3.523871273498548E8,0.0,996.5362194429588,-120.41292152955951,0.0,1737400.0,7.35E22..
1742776.618849222..Earth,5183821.0601209225,2.75656055772106E7,0.0,-12.317818061514382,14.527764484320716,0.0,6371000.0,5.97E24..Moon,-5.795322080165787E7,-3.5331794732959104E8,0.0,1000.5084874454539,-98.0102581142121,0.0,1737400.0,7.35E22..
1751736.805368265..Earth,5073245.182873965,2.769447104017314E7,0.0,-12.362652576897931,14.235948730482262,0.0,6371000.0,5.97E24..Moon,-4.8971751588537656E7,-3.5409005699743354E8,0.0,1004.1501480827299,-74.30767239427237,0.0,1737400.0,7.35E22..
1760581.842010234..Earth,4963726.006928332,2.7819108248396743E7,0.0,-12.40021778852328,13.946189369087284,0.0,6371000.0,5.97E24..Moon,-4.007611239948418E7,-3.546433209983727E8,0.0,1007.2013632310744,-50.77211610137421,0.0,1737400.0,7.35E22..
1768391.6503087801..Earth,4866771.5467010345,2.79270220040603E7,0.0,-12.427801224842826,13.689062603845924,0.0,6371000.0,5.97E24..Moon,-3.2201035834083244E7,-3.5495834816507953E8,0.0,1009.4418137729477,-29.88712578176996,0.0,1737400.0,7.35E22..
1776916.5297392376..Earth,4760718.938621732,2.804251884733706E7,0.0,-12.451873030086862,13.40714839602061,0.0,6371000.0,5.97E24..Moon,-2.358696685131547E7,-3.551156007895187E8,0.0,1011.3970338723614,-6.98878808493825,0.0,1737400.0,7.35E22..
1785458.1640637643..Earth,4654279.257022739,2.8155827225013178E7,0.0,-12.4696146784098,13.123510654426266,0.0,6371000.0,5.97E24..Moon,-1.4941458019397268E7,-3.550769676167268E8,0.0,1012.8380902055306,16.049542762928873,0.0,1737400.0,7.35E22..
1811646.010134252..Earth,4327409.55144231,2.848805773836394E7,0.0,-12.483640464137748,12.248099404261357,0.0,6371000.0,5.97E24..Moon,1.1608367046115102E7,-3.537269721100108E8,0.0,1013.9773274952702,87.15437491918061,0.0,1737400.0,7.35E22..
1819864.2856751517..Earth,4224845.520863973,2.858758197868969E7,0.0,-12.475326856765586,11.972046478128108,0.0,6371000.0,5.97E24..Moon,1.993907810125351E7,-3.5291860361754245E8,0.0,1013.3020589781027,109.5766330010241,0.0,1737400.0,7.35E22..
1828110.0947362415..Earth,4122031.948828383,2.86851577886659E7,0.0,-12.460809128242477,11.6946612593347,0.0,6371000.0,5.97E24..Moon,2.829005803394018E7,-3.519221835951843E8,0.0,1012.1228638858175,132.10710587444797,0.0,1737400.0,7.35E22..
1837152.8818158545..Earth,4009450.1888089576,2.8789533528379887E7,0.0,-12.437731900493162,11.39016051116603,0.0,6371000.0,5.97E24..Moon,3.743445405184454E7,-3.506157541803835E8,0.0,1010.2484278359751,156.84002378692355,0.0,1737400.0,7.35E22..
